#Frame      Dih_00047
       1     -20.6174
       2     -21.6258
       3     -20.1584
       4      -6.8458
       5     -11.3022
       6     -22.7832
       7      -7.0793
       8     -10.2160
       9     -16.7879
      10     -18.0392
      11     -16.3671
      12     -14.4966
      13     -15.2802
      14     -15.8363
      15     -25.7689
      16     -12.5103
      17      -1.7407
      18      -7.7210
      19       2.1019
      20     -10.6314
      21     -23.4567
      22      -4.6626
      23     -18.0988
      24     -18.7997
      25      -9.2445
      26      -7.6066
      27     -18.8123
      28     -18.4258
      29      -7.1013
      30      -6.9199
      31     -10.2121
      32      -0.0355
      33     -14.1161
      34       2.7783
      35      -6.7370
      36     -28.7807
      37       2.0603
      38     -13.0307
      39     -15.5606
      40     -10.3658
      41     -17.2785
      42      -4.2887
      43      -6.6752
      44     -15.1655
      45     -18.9046
      46     -12.0220
      47      -5.4496
      48     -19.9676
      49      -8.5547
      50     -11.1646
      51     -20.4388
      52     -21.3689
      53      -9.8203
      54     -15.2056
      55     -22.9801
      56     -14.6990
      57     -13.8368
      58     -17.2993
      59     -16.6216
      60     -17.3528
      61     -10.6168
      62     -17.8904
      63      -8.8611
      64     -16.6648
      65     -18.0131
      66     -18.6312
      67     -30.7056
      68     -20.0879
      69     -10.5461
      70     -26.3500
      71     -24.3460
      72     -13.5862
      73     -14.4361
      74     -18.4173
      75     -16.2186
      76     -15.5558
      77      -2.0126
      78     -17.0833
      79      -7.8896
      80     -10.4770
      81     -14.6098
      82      -8.0860
      83      -4.1092
      84     -23.6553
      85     -13.8734
      86     -16.5646
      87     -28.2059
      88     -12.4861
      89      -5.9394
      90     -26.6367
      91     -30.9946
      92      -8.5743
      93     -16.5942
      94      -7.3381
      95      -7.6557
      96     -11.8704
      97     -16.2665
      98     -12.2913
      99      -1.4388
     100       4.9131
     101     -20.3930
     102     -36.9187
     103     -27.4062
     104      -9.5021
     105     -20.6990
     106     -25.6300
     107     -25.1396
     108     -30.2942
     109     -21.0342
     110      -6.3054
     111       1.7586
     112     -11.8327
     113     -20.6601
     114     -25.0528
     115     -11.2348
     116     -11.6104
     117     -15.5211
     118     -14.8634
     119     -26.5872
     120     -21.6185
     121      -9.2031
     122     -30.1639
     123     -24.4838
     124     -14.2675
     125     -27.0062
     126     -13.7034
     127     -21.6669
     128       0.3654
     129       0.9842
     130     -15.6633
     131     -12.6812
     132     -20.5564
     133     -19.0436
     134     -25.6521
     135     -20.5722
     136      -8.9381
     137      -0.7202
     138     -23.5693
     139     -26.0725
     140      -0.5266
     141     -16.5297
     142     -24.1166
     143     -20.9468
     144       7.5900
     145      -9.9799
     146     -28.0936
     147     -17.1253
     148     -13.4351
     149     -20.3300
     150      -9.4689
     151     -16.9422
     152     -30.0767
     153     -24.7977
     154     -15.0223
     155      -9.4267
     156     -16.6525
     157     -19.9019
     158     -20.9160
     159      -5.0738
     160     -13.6146
     161     -11.8469
     162      -6.1799
     163     -24.8466
     164     -17.5378
     165     -17.4720
     166     -13.3165
     167     -14.5622
     168     -10.6057
     169      -3.9979
     170     -10.2306
     171     -13.5020
     172       0.8483
     173      -8.7960
     174     -11.9989
     175     -22.5189
     176     -16.3333
     177       3.8767
     178       7.8784
     179      -7.2331
     180      -8.7934
     181     -10.8565
     182     -20.4052
     183     -19.2026
     184     -14.6013
     185     -11.5011
     186     -21.2215
     187     -20.5701
     188      -7.1339
     189      -8.5045
     190     -26.5360
     191     -11.0383
     192     -14.3829
     193      -5.8590
     194       2.2523
     195     -18.7789
     196     -31.4159
     197     -16.7292
     198      -6.6106
     199     -25.6889
     200     -23.3403
