#Frame      Dih_00050
       1      14.2296
       2      23.7776
       3      23.5882
       4      19.2163
       5      21.9425
       6      12.0959
       7      19.1848
       8      24.3805
       9      19.9415
      10      21.5730
      11      17.6477
      12      20.7680
      13      22.8538
      14      31.3143
      15      20.1851
      16      28.3871
      17      16.8360
      18      23.7352
      19      40.7773
      20      18.1341
      21      15.7199
      22      21.7007
      23       2.8411
      24      18.0924
      25      19.1315
      26      25.7119
      27       3.1596
      28      20.7611
      29      24.1257
      30      13.9299
      31      28.5754
      32      24.5390
      33      -2.9671
      34      17.3272
      35      17.1689
      36      10.2342
      37      16.4321
      38      17.1316
      39      10.3489
      40      23.5290
      41      19.7502
      42      24.7374
      43       5.9736
      44      20.1299
      45      19.5682
      46      17.1069
      47      15.0658
      48      12.8090
      49      15.7607
      50      24.0822
      51      19.5958
      52      23.6614
      53      28.4879
      54      16.8935
      55      18.1910
      56      19.7204
      57      21.4623
      58      18.4491
      59      15.4070
      60      12.3325
      61      19.0847
      62      21.4005
      63      26.9535
      64       9.0395
      65      14.8963
      66      16.3863
      67      13.9102
      68      22.2781
      69      21.6145
      70      15.6416
      71      18.7894
      72      27.0730
      73      10.8453
      74      23.7747
      75      12.2799
      76      22.6615
      77      25.6572
      78      10.4736
      79      20.5046
      80      19.0928
      81       8.6837
      82      26.0012
      83      16.9794
      84      17.0821
      85      30.2359
      86      22.6885
      87      16.3274
      88      20.5578
      89      30.6035
      90      12.4511
      91       6.5951
      92      29.4323
      93      16.6573
      94      26.4270
      95      25.0758
      96      16.2928
      97      25.6336
      98      21.0160
      99      23.2983
     100      12.6811
     101      22.8816
     102      22.1301
     103      20.2052
     104      18.2847
     105      17.0451
     106      15.5738
     107      26.7913
     108      17.1279
     109      17.1824
     110      31.3907
     111      16.7219
     112      28.6633
     113      29.4844
     114      27.0275
     115      17.9031
     116      12.8773
     117      17.3093
     118      23.0880
     119      10.1365
     120      18.2782
     121      24.2118
     122      17.2294
     123      19.4398
     124      20.6512
     125      19.8283
     126      15.4987
     127      14.6911
     128      33.7387
     129      17.2053
     130      10.1663
     131      16.7535
     132      15.4273
     133       8.6557
     134       4.4734
     135       5.2821
     136      20.5090
     137       9.7858
     138      12.6172
     139      17.5374
     140      22.6424
     141      26.2114
     142      12.6066
     143      19.9655
     144      32.1389
     145      24.7648
     146       5.8817
     147      25.1623
     148      15.9354
     149       3.9989
     150      21.3575
     151      25.1140
     152      17.7352
     153      19.1460
     154      21.0783
     155      23.8194
     156      21.5364
     157      12.0789
     158      12.2907
     159      21.6667
     160      21.0081
     161      24.8257
     162      11.1005
     163       8.5779
     164      13.7610
     165      20.1427
     166      29.0764
     167      15.6919
     168      11.4492
     169      22.0633
     170      12.6372
     171      14.9509
     172      21.9827
     173      13.6589
     174      19.7600
     175      13.6082
     176      17.1925
     177      24.5449
     178      30.6019
     179      29.8718
     180      23.5647
     181      30.2677
     182      21.4289
     183      13.3869
     184      30.3350
     185      31.1170
     186      13.2276
     187      14.6579
     188      29.0876
     189      22.4655
     190      24.8152
     191      16.8332
     192      33.7298
     193      21.1593
     194      27.8639
     195      18.9501
     196       9.7051
     197      15.2975
     198      22.6087
     199       6.4448
     200      27.0489
