#Frame      Dih_00049
       1     -26.7132
       2     -37.4685
       3     -35.1807
       4     -22.4087
       5     -27.3402
       6     -26.6727
       7     -23.5481
       8     -29.5869
       9     -29.0152
      10     -30.5996
      11     -26.8615
      12     -27.9615
      13     -30.1913
      14     -41.4868
      15     -32.7570
      16     -35.0085
      17     -16.7897
      18     -27.2037
      19     -37.5710
      20     -22.9711
      21     -29.5930
      22     -24.8446
      23     -13.4902
      24     -29.9206
      25     -24.6218
      26     -28.9228
      27     -15.3595
      28     -32.3590
      29     -27.0108
      30     -17.1327
      31     -33.1894
      32     -24.8577
      33      -5.3134
      34     -14.2895
      35     -22.2541
      36     -25.5181
      37     -13.9806
      38     -23.3785
      39     -19.8857
      40     -29.9289
      41     -29.0042
      42     -25.3336
      43     -10.1857
      44     -28.9326
      45     -29.3877
      46     -24.0928
      47     -17.9542
      48     -23.5576
      49     -20.1759
      50     -29.2503
      51     -32.0380
      52     -36.8085
      53     -32.7600
      54     -26.2898
      55     -29.4748
      56     -28.1508
      57     -28.7848
      58     -28.1103
      59     -24.7201
      60     -22.2759
      61     -24.7579
      62     -31.1163
      63     -29.6004
      64     -18.0083
      65     -24.5065
      66     -27.8086
      67     -31.6599
      68     -32.6781
      69     -28.9837
      70     -31.1152
      71     -32.2768
      72     -35.8642
      73     -20.1554
      74     -34.1551
      75     -22.3152
      76     -30.7923
      77     -26.4047
      78     -19.0406
      79     -24.5947
      80     -23.5334
      81     -17.4057
      82     -28.7845
      83     -18.6625
      84     -30.0915
      85     -37.1584
      86     -32.0216
      87     -31.9515
      88     -28.3726
      89     -32.0721
      90     -28.4500
      91     -24.9310
      92     -34.9177
      93     -25.4196
      94     -30.3114
      95     -28.8487
      96     -22.8379
      97     -34.3448
      98     -26.2671
      99     -22.4102
     100      -9.4758
     101     -35.8136
     102     -41.0547
     103     -36.4285
     104     -23.4496
     105     -29.3828
     106     -28.9119
     107     -41.1376
     108     -37.0739
     109     -29.4201
     110     -30.3838
     111     -15.4375
     112     -36.9911
     113     -41.1291
     114     -40.3702
     115     -24.6516
     116     -19.5523
     117     -24.7975
     118     -30.0036
     119     -25.4826
     120     -30.7447
     121     -27.0784
     122     -33.3137
     123     -33.1705
     124     -29.3761
     125     -34.2440
     126     -22.3422
     127     -27.3324
     128     -31.9112
     129     -15.6529
     130     -18.8070
     131     -24.4188
     132     -27.9381
     133     -19.0864
     134     -19.3164
     135     -17.8682
     136     -24.3322
     137      -9.4317
     138     -26.4623
     139     -33.7606
     140     -21.2089
     141     -33.3231
     142     -28.2919
     143     -30.7779
     144     -24.2370
     145     -30.5291
     146     -23.0914
     147     -34.3102
     148     -22.6220
     149     -16.9485
     150     -25.4619
     151     -33.8812
     152     -34.3819
     153     -34.5194
     154     -30.6640
     155     -26.9835
     156     -29.1429
     157     -24.8074
     158     -23.7815
     159     -22.6213
     160     -28.0576
     161     -30.8659
     162     -14.9645
     163     -21.2211
     164     -24.7152
     165     -29.0821
     166     -34.1079
     167     -23.7707
     168     -17.4775
     169     -23.2129
     170     -17.4016
     171     -21.7058
     172     -20.0417
     173     -17.6831
     174     -25.4187
     175     -27.2020
     176     -25.9765
     177     -21.5636
     178     -24.2291
     179     -32.6947
     180     -28.4784
     181     -35.1518
     182     -32.3502
     183     -25.5784
     184     -38.5097
     185     -35.5508
     186     -24.5669
     187     -27.1440
     188     -31.6586
     189     -26.2645
     190     -36.5820
     191     -23.7030
     192     -41.8406
     193     -22.5045
     194     -23.8702
     195     -28.9802
     196     -27.7352
     197     -24.5538
     198     -23.4077
     199     -22.3353
     200     -40.9075
