#Frame      Dih_00046
       1       4.3337
       2      -1.1794
       3      -2.0606
       4      -8.0430
       5      -6.1890
       6       7.2614
       7      -7.6469
       8      -8.1066
       9      -1.7521
      10      -3.0837
      11      -0.6254
      12      -3.5537
      13      -4.9672
      14     -10.0106
      15       3.3873
      16     -10.7495
      17      -8.6995
      18     -10.5262
      19     -28.5152
      20      -4.8267
      21       5.4246
      22     -11.1864
      23       9.4408
      24       1.0633
      25      -6.7035
      26     -11.4664
      27       9.8708
      28      -1.2502
      29     -10.1836
      30      -4.4385
      31     -10.5454
      32     -16.2136
      33      10.7606
      34     -12.5446
      35      -6.7436
      36      11.2522
      37     -11.9263
      38      -2.1912
      39       3.3846
      40      -8.1327
      41      -1.3627
      42     -12.1110
      43       0.4546
      44      -2.7069
      45      -0.2146
      46      -2.9144
      47      -6.1716
      48       5.0437
      49      -4.6741
      50      -7.9799
      51       0.5236
      52      -1.7500
      53     -11.7173
      54      -0.4540
      55       2.4814
      56      -2.7857
      57      -4.2835
      58      -0.4177
      59       1.0209
      60       3.4721
      61      -5.6165
      62      -1.1343
      63     -10.9777
      64       5.0429
      65       2.3035
      66       0.8495
      67      10.3690
      68      -2.2212
      69      -6.4298
      70       6.3259
      71       3.7943
      72      -7.4393
      73       2.6426
      74      -2.5912
      75       2.4648
      76      -3.9597
      77     -16.1497
      78       3.7880
      79      -7.6980
      80      -5.5985
      81       4.3605
      82     -11.1557
      83      -8.0413
      84       4.4648
      85     -10.2841
      86      -3.4788
      87       6.5173
      88      -5.3537
      89     -15.2033
      90       8.4970
      91      14.4643
      92     -12.5554
      93      -0.2286
      94     -12.4684
      95     -10.3234
      96      -2.8684
      97      -5.0290
      98      -4.9856
      99     -13.6845
     100     -10.5098
     101      -2.8454
     102       9.0017
     103       4.7002
     104      -5.2562
     105       2.0718
     106       5.7099
     107       0.2336
     108       8.4200
     109       2.0648
     110     -15.5044
     111     -12.0684
     112     -10.1733
     113      -4.7493
     114       0.1083
     115      -4.2069
     116      -0.4162
     117      -1.6010
     118      -5.1292
     119       9.3665
     120       2.4816
     121      -9.0548
     122       8.3876
     123       3.0759
     124      -3.4775
     125       4.3844
     126      -0.7291
     127       4.0145
     128     -21.8055
     129     -10.9783
     130       3.0487
     131      -2.5427
     132       3.8508
     133       6.6066
     134      13.6289
     135      10.1603
     136      -7.8474
     137      -5.5302
     138       7.3282
     139       4.9203
     140     -14.4237
     141      -6.0331
     142       7.7643
     143       0.4655
     144     -24.6085
     145      -9.2772
     146      14.6345
     147      -5.0942
     148      -1.7624
     149      10.5241
     150      -7.8431
     151      -4.8744
     152       7.8440
     153       3.2735
     154      -3.8924
     155      -8.4809
     156      -3.0181
     157       5.7430
     158       4.6806
     159     -10.6437
     160      -4.0501
     161      -8.4490
     162      -2.8356
     163       9.5073
     164       2.6623
     165      -1.6909
     166      -8.7384
     167      -0.7752
     168      -1.1666
     169     -10.4592
     170      -1.7002
     171      -0.5153
     172     -14.2910
     173      -3.0821
     174      -4.3191
     175       5.3880
     176      -0.4333
     177     -18.3142
     178     -23.8779
     179     -14.3749
     180      -8.3368
     181     -10.7183
     182      -0.2379
     183       3.9323
     184      -9.6629
     185     -11.8808
     186       4.0463
     187       4.3842
     188     -13.8770
     189      -8.8930
     190       1.1919
     191      -3.2342
     192     -12.7441
     193      -9.5530
     194     -18.7118
     195      -0.6057
     196      13.4621
     197       0.3062
     198      -9.9274
     199      12.7039
     200      -1.5895
