#Frame      Dih_00048
       1      29.1277
       2      33.9861
       3      31.2400
       4      17.1477
       5      23.0318
       6      29.0895
       7      17.7184
       8      22.6299
       9      27.7860
      10      28.6918
      11      25.9873
      12      24.6886
      13      26.5736
      14      34.7960
      15      35.0802
      16      29.6434
      17      10.1230
      18      21.4923
      19      21.4676
      20      19.7713
      21      30.6721
      22      17.3159
      23      18.5705
      24      28.4237
      25      20.5992
      26      21.9929
      27      20.8989
      28      28.1654
      29      19.8587
      30      14.6830
      31      24.1549
      32      14.8257
      33      11.2299
      34       6.8402
      35      16.8416
      36      30.3639
      37       7.5472
      38      20.6597
      39      20.5719
      40      24.5593
      41      27.5317
      42      17.0775
      43      10.4823
      44      24.6917
      45      28.6793
      46      22.0435
      47      13.2095
      48      25.2317
      49      16.4032
      50      24.2614
      51      30.4574
      52      34.2872
      53      24.6294
      54      24.6979
      55      31.7242
      56      25.2896
      57      24.5247
      58      25.8878
      59      25.7200
      60      24.0587
      61      20.1390
      62      29.0831
      63      22.4970
      64      21.0466
      65      24.8663
      66      26.9869
      67      37.0591
      68      31.9106
      69      23.6796
      70      32.0692
      71      32.9282
      72      28.5156
      73      21.5248
      74      29.4527
      75      22.4971
      76      27.3255
      77      17.4257
      78      21.3740
      79      19.9881
      80      19.8959
      81      19.4647
      82      22.1339
      83      12.9391
      84      31.2316
      85      29.5104
      86      27.3304
      87      36.2043
      88      24.7590
      89      22.2307
      90      32.1848
      91      32.6601
      92      26.8670
      93      25.3144
      94      22.2855
      95      20.9383
      96      20.9174
      97      28.7610
      98      23.3163
      99      13.5707
     100       2.4591
     101      34.8400
     102      47.3352
     103      36.4135
     104      19.5111
     105      28.4382
     106      32.5137
     107      38.2462
     108      38.1101
     109      29.6605
     110      22.0905
     111       8.1535
     112      26.2112
     113      36.3668
     114      38.3327
     115      21.8943
     116      18.2080
     117      24.5236
     118      28.1141
     119      30.8700
     120      30.6878
     121      21.8762
     122      39.0884
     123      34.7040
     124      25.1600
     125      35.7024
     126      21.8543
     127      28.4454
     128      18.5855
     129       8.8789
     130      20.5318
     131      21.5167
     132      29.0236
     133      21.8553
     134      25.9967
     135      22.7111
     136      19.7046
     137       6.0111
     138      28.9570
     139      35.3827
     140      13.1883
     141      29.5691
     142      30.3883
     143      28.9438
     144      10.6074
     145      23.6732
     146      30.1901
     147      30.2178
     148      21.9001
     149      20.3422
     150      20.8863
     151      31.2865
     152      37.6064
     153      33.5762
     154      26.6004
     155      23.0055
     156      26.0150
     157      26.4261
     158      27.0689
     159      17.3613
     160      23.8981
     161      25.1740
     162      12.2039
     163      27.3030
     164      24.9048
     165      27.6694
     166      27.0871
     167      21.9487
     168      16.6410
     169      15.5103
     170      16.5087
     171      20.2255
     172      11.4413
     173      15.1075
     174      22.0211
     175      30.0131
     176      24.0297
     177      10.6015
     178      10.1927
     179      23.1715
     180      21.0928
     181      26.0827
     182      30.8526
     183      26.4510
     184      31.7475
     185      27.9210
     186      27.3636
     187      29.1538
     188      22.3029
     189      21.4167
     190      38.6575
     191      20.2061
     192      33.5880
     193      17.4647
     194      13.0993
     195      27.5902
     196      33.4813
     197      24.9794
     198      18.1370
     199      27.6544
     200      37.0314
