#Frame      Dih_00054
       1     -32.0162
       2     -39.5985
       3     -47.3591
       4     -40.0271
       5     -32.7470
       6     -29.5789
       7     -40.6195
       8     -38.5984
       9     -39.1793
      10     -38.5177
      11     -38.2207
      12     -44.2388
      13     -37.8677
      14     -44.3199
      15     -25.0628
      16     -36.0651
      17     -37.8724
      18     -17.4376
      19     -29.1287
      20     -34.0670
      21     -33.5738
      22     -31.4663
      23     -40.0933
      24     -38.3067
      25     -40.3773
      26     -28.1711
      27     -41.9663
      28     -30.5265
      29     -37.5173
      30     -41.6622
      31     -32.4136
      32     -40.9077
      33     -34.6876
      34     -36.4891
      35     -33.4830
      36     -27.1398
      37     -36.9316
      38     -31.0271
      39     -30.0737
      40     -30.5540
      41     -27.1249
      42     -33.3783
      43     -36.9936
      44     -34.7063
      45     -36.1318
      46     -18.8569
      47     -35.4132
      48     -28.0442
      49     -30.2749
      50     -42.9545
      51     -24.5570
      52     -38.6995
      53     -29.2737
      54     -44.3664
      55     -30.7966
      56     -28.0042
      57     -27.9183
      58     -31.8849
      59     -30.3113
      60     -40.3740
      61     -26.6423
      62     -26.6058
      63     -22.5891
      64     -42.4293
      65     -35.9112
      66     -31.6089
      67     -33.3039
      68     -40.6515
      69     -31.7285
      70     -38.3855
      71     -32.1768
      72     -22.9423
      73     -29.5752
      74     -25.6080
      75     -26.6257
      76     -34.0243
      77     -37.8279
      78     -26.1827
      79     -39.5749
      80     -29.6748
      81     -38.6127
      82     -39.4260
      83     -45.0692
      84     -27.5334
      85     -39.2526
      86     -39.8411
      87     -35.5135
      88     -34.6317
      89     -41.8922
      90     -24.5616
      91     -31.7201
      92     -44.5666
      93     -34.4972
      94     -27.4959
      95     -38.1816
      96     -34.5751
      97     -40.1825
      98     -35.2823
      99     -45.3953
     100     -27.7057
     101     -40.4826
     102     -34.8647
     103     -24.4903
     104     -36.7217
     105     -32.1066
     106     -25.9940
     107     -25.6512
     108     -35.5123
     109     -38.4204
     110     -33.6054
     111     -32.0288
     112     -24.3223
     113     -15.4853
     114     -22.7199
     115     -22.5077
     116     -29.4138
     117     -26.6466
     118     -24.4497
     119     -32.0854
     120     -29.1004
     121     -35.1961
     122     -35.1262
     123     -43.1667
     124     -25.8079
     125     -32.4684
     126     -33.3871
     127     -21.9674
     128     -33.3512
     129     -38.6697
     130     -34.1543
     131     -16.7965
     132     -20.6440
     133     -29.8001
     134     -30.4831
     135     -24.4533
     136     -34.6109
     137      -6.6513
     138     -24.5658
     139     -21.0474
     140     -24.0048
     141     -25.3438
     142     -32.6558
     143     -15.8839
     144     -17.3922
     145     -26.9981
     146     -37.6510
     147     -18.1508
     148     -37.8116
     149     -31.0711
     150     -24.5905
     151     -34.2615
     152      -7.7565
     153     -37.6855
     154     -29.9377
     155     -38.5152
     156     -27.2548
     157     -34.1392
     158     -37.3544
     159     -39.6096
     160     -32.8002
     161     -33.3254
     162     -20.2640
     163     -34.2898
     164     -33.5914
     165     -33.9557
     166     -37.2997
     167     -31.5705
     168     -32.4478
     169     -42.7978
     170     -39.3133
     171     -34.3487
     172     -30.1834
     173     -40.3124
     174     -30.2482
     175     -24.9646
     176     -34.5627
     177     -28.7438
     178     -31.4981
     179     -31.9378
     180     -33.2797
     181     -26.2536
     182     -37.2245
     183     -36.2402
     184     -31.0969
     185     -25.9112
     186     -19.2923
     187     -14.8560
     188     -20.2815
     189     -12.2808
     190     -20.9135
     191     -21.2820
     192     -23.4138
     193     -17.8434
     194     -38.1814
     195     -25.6553
     196     -29.4519
     197     -36.8705
     198     -19.1531
     199     -23.7593
     200     -16.5426
