#Frame      Dih_00053
       1      22.4856
       2      37.5827
       3      43.9790
       4      32.1661
       5      28.7823
       6      23.5212
       7      26.6974
       8      29.2094
       9      33.1923
      10      23.5104
      11      31.2851
      12      36.0855
      13      29.4353
      14      42.4179
      15      19.4836
      16      27.5387
      17      23.4050
      18       4.5658
      19      15.0399
      20      18.6459
      21      20.2095
      22      26.3861
      23      32.2917
      24      31.8429
      25      32.5042
      26      25.2573
      27      32.5791
      28      23.5999
      29      26.2801
      30      31.6492
      31      17.5883
      32      29.7519
      33      25.2935
      34      24.7610
      35      24.3673
      36      26.3540
      37      26.9382
      38      19.3255
      39      31.7321
      40      24.5114
      41      20.9636
      42      32.6361
      43      30.7440
      44      25.2763
      45      35.4477
      46      22.8280
      47      27.9472
      48      19.5477
      49      31.6618
      50      29.4805
      51      16.1132
      52      37.4561
      53      22.7291
      54      27.2791
      55      26.9200
      56      20.7943
      57      23.6140
      58      29.3005
      59      29.6204
      60      35.3469
      61      15.2375
      62      12.9697
      63      18.2347
      64      25.0756
      65      25.4316
      66      25.1200
      67      23.8130
      68      38.2560
      69      34.9263
      70      37.4661
      71      27.4372
      72      15.2473
      73      28.4456
      74      14.6139
      75      17.6896
      76      26.9506
      77      29.2000
      78      22.4504
      79      31.1716
      80      15.2362
      81      24.8160
      82      37.9199
      83      35.0546
      84      15.7031
      85      29.2694
      86      34.3976
      87      33.8936
      88      34.5876
      89      29.9850
      90      22.3028
      91      30.5138
      92      30.8488
      93      23.1367
      94      20.0862
      95      25.3911
      96      21.0481
      97      30.5022
      98      25.0846
      99      38.1226
     100      27.5648
     101      32.5705
     102      32.1550
     103      32.9123
     104      35.2211
     105      22.0895
     106      30.0988
     107      28.9900
     108      26.5893
     109      31.2181
     110      28.3078
     111      27.6914
     112      24.1953
     113      16.1393
     114      27.1490
     115      23.4671
     116      18.4962
     117      16.8530
     118      25.3683
     119      29.5443
     120      23.3379
     121      28.6448
     122      34.4756
     123      37.6445
     124      35.1527
     125      29.3451
     126      25.2464
     127      17.8390
     128      32.5971
     129      36.3980
     130      27.3994
     131      13.4962
     132      24.1352
     133      27.0518
     134      32.6584
     135      20.1298
     136      17.6110
     137       3.8162
     138      12.2810
     139       1.8455
     140       6.1126
     141      17.1465
     142      18.9037
     143      11.1691
     144       9.4216
     145      16.7876
     146      30.2866
     147      23.6937
     148      38.8581
     149      25.7945
     150      18.8191
     151      31.1883
     152      11.2237
     153      27.6925
     154      25.9583
     155      31.0890
     156      15.7295
     157      34.5106
     158      31.0950
     159      28.7744
     160      31.0398
     161      22.2331
     162      13.7724
     163      31.4785
     164      29.3222
     165      25.4817
     166      34.1759
     167      30.3294
     168      24.6245
     169      28.1211
     170      33.3547
     171      28.3100
     172      25.7843
     173      36.8170
     174      29.3179
     175      25.5347
     176      25.9201
     177      27.6115
     178      26.6373
     179      22.4530
     180      34.1026
     181      28.9122
     182      36.9700
     183      32.4245
     184      26.8931
     185      24.2252
     186      14.6452
     187      11.8220
     188      19.0050
     189      12.6929
     190      10.2898
     191      13.9149
     192      25.1542
     193      20.5383
     194      23.4063
     195      23.3763
     196      31.9010
     197      25.8128
     198      20.5345
     199      19.6475
     200       8.2125
