#Frame      Dih_00051
       1     -13.2357
       2      -0.5213
       3     -10.0554
       4     -12.2494
       5      -6.7802
       6      -8.0869
       7     -23.5688
       8     -13.0592
       9     -12.5916
      10     -19.9493
      11     -11.1549
      12      -8.7326
      13     -11.4426
      14       1.5448
      15     -10.4501
      16     -16.3693
      17     -23.9034
      18     -22.9443
      19     -25.4999
      20     -26.5747
      21     -18.9993
      22      -8.5096
      23     -12.8146
      24      -9.3960
      25     -11.8063
      26      -4.1615
      27     -15.0287
      28      -9.7904
      29     -15.5632
      30     -16.4954
      31     -25.9781
      32     -14.8271
      33     -12.0187
      34     -16.4907
      35     -14.3786
      36       0.3684
      37     -15.1050
      38     -19.0939
      39       5.3514
      40     -10.6806
      41      -8.4222
      42       0.5917
      43      -9.4412
      44     -14.6901
      45       3.7992
      46       7.4597
      47     -15.0080
      48     -11.3810
      49       6.9109
      50     -18.4376
      51     -16.0573
      52       0.6739
      53     -11.1721
      54     -21.8604
      55      -7.6271
      56      -9.9710
      57      -3.7346
      58      -2.7055
      59       0.3093
      60      -6.8848
      61     -18.2116
      62     -21.3609
      63      -4.0671
      64     -28.6722
      65     -14.7648
      66     -10.1461
      67     -16.6904
      68      -1.8395
      69      10.3950
      70       0.2813
      71      -8.2588
      72     -10.8302
      73      -1.7763
      74     -19.4279
      75     -13.0381
      76     -11.4669
      77     -11.6297
      78      -6.1642
      79     -14.1964
      80     -21.5018
      81     -25.0813
      82      -1.8690
      83     -12.9483
      84     -18.1546
      85     -14.9698
      86      -5.8239
      87       2.0037
      88       0.1287
      89     -18.0624
      90      -0.2773
      91      -1.7872
      92     -20.4581
      93     -18.2346
      94      -8.0133
      95     -16.9160
      96     -22.9324
      97     -15.0237
      98     -16.1060
      99     -10.4655
     100       0.5819
     101     -15.2157
     102      -4.4385
     103      15.2840
     104      -2.6917
     105     -17.0148
     106       8.4798
     107       9.1258
     108     -10.7802
     109      -9.1541
     110      -7.1528
     111      -3.6236
     112       1.9794
     113       2.6728
     114      10.5968
     115       1.5977
     116     -19.1878
     117     -12.1513
     118       0.1923
     119      -3.4477
     120      -4.0000
     121      -4.8333
     122      -2.9813
     123      -7.3468
     124      20.4767
     125      -2.0036
     126     -10.7634
     127      -5.1082
     128      -0.5265
     129      -3.4000
     130      -5.6488
     131      -3.6031
     132       5.9758
     133      -2.8630
     134       7.2696
     135      -5.8020
     136     -29.2656
     137      -4.9240
     138     -19.2563
     139     -32.3920
     140     -30.3397
     141     -14.4279
     142     -22.4408
     143      -7.9050
     144     -12.3181
     145     -14.3925
     146     -13.0493
     147      10.4121
     148       3.7250
     149      -7.1857
     150      -6.5991
     151      -4.2044
     152       6.5783
     153     -13.9885
     154      -4.7855
     155     -11.5758
     156     -18.4412
     157       4.0380
     158      -4.6787
     159     -13.3242
     160      -4.1475
     161     -17.9329
     162      -9.0981
     163      -6.0739
     164     -10.8312
     165     -11.3266
     166      -1.3627
     167       0.6299
     168     -10.1124
     169     -23.8260
     170      -7.2691
     171      -8.7085
     172      -5.1619
     173      -6.2533
     174       2.0822
     175       1.4410
     176     -11.2953
     177      -1.6652
     178      -9.7237
     179     -12.3081
     180       3.1101
     181       8.6932
     182      -2.1984
     183      -6.9909
     184      -2.4014
     185      -0.7671
     186      -7.8894
     187      -4.3969
     188      -1.9580
     189       1.4216
     190     -17.0370
     191     -14.9254
     192       5.1934
     193       5.9705
     194     -20.9995
     195      -3.1278
     196       4.0119
     197     -13.4236
     198       3.5991
     199      -9.6679
     200     -14.4580
