#Frame      Dih_00055
       1      29.1050
       2      25.6991
       3      39.2816
       4      33.6150
       5      24.3756
       6      23.4152
       7      41.0557
       8      33.2157
       9      32.7187
      10      38.1676
      11      30.6769
      12      34.0428
      13      30.3507
      14      28.3576
      15      21.7097
      16      36.0937
      17      37.2929
      18      25.1355
      19      37.1248
      20      39.5616
      21      33.4663
      22      25.2228
      23      34.6744
      24      31.0938
      25      33.8903
      26      20.0334
      27      36.4130
      28      25.4529
      29      33.4547
      30      37.9175
      31      37.1525
      32      35.9193
      33      29.3666
      34      34.6184
      35      31.1454
      36      16.9945
      37      32.3997
      38      31.9142
      39      16.4490
      40      26.1514
      41      22.2245
      42      21.3903
      43      31.3930
      44      30.9789
      45      20.4049
      46       7.4930
      47      33.8782
      48      23.3861
      49      14.7561
      50      37.9526
      51      26.0360
      52      25.4257
      53      24.1384
      54      44.5168
      55      24.6056
      56      24.7391
      57      20.6153
      58      21.6806
      59      19.4737
      60      29.5869
      61      28.1212
      62      31.2582
      63      17.3036
      64      43.5726
      65      32.2716
      66      27.0988
      67      32.1482
      68      27.2685
      69      13.9232
      70      24.4100
      71      26.7644
      72      22.1114
      73      20.6758
      74      27.6307
      75      26.1323
      76      28.5618
      77      31.5987
      78      21.0826
      79      33.7834
      80      33.4220
      81      39.9516
      82      27.2381
      83      35.8424
      84      29.9072
      85      35.9817
      86      29.1993
      87      19.4161
      88      22.1608
      89      38.7297
      90      16.1560
      91      21.4157
      92      43.3843
      93      33.9749
      94      23.1192
      95      34.7597
      96      35.8549
      97      35.7782
      98      32.7305
      99      36.6174
     100      17.1104
     101      36.1087
     102      25.5729
     103       6.0445
     104      25.3428
     105      33.1856
     106      11.4994
     107      10.4534
     108      28.2603
     109      31.1775
     110      25.6907
     111      22.2899
     112      14.3221
     113       8.1325
     114       8.7718
     115      12.5732
     116      32.3537
     117      24.7897
     118      15.4987
     119      22.4947
     120      22.2297
     121      24.8460
     122      24.1947
     123      33.5020
     124       3.6041
     125      22.5541
     126      28.4688
     127      17.1897
     128      21.5556
     129      25.2959
     130      25.7441
     131      13.0039
     132       9.8251
     133      21.7838
     134      15.0795
     135      20.0100
     136      41.9007
     137       7.5405
     138      28.2592
     139      33.5656
     140      35.4639
     141      25.1712
     142      35.4196
     143      15.8349
     144      19.3495
     145      25.3306
     146      33.7006
     147       4.7425
     148      22.1260
     149      24.4210
     150      20.3180
     151      23.9633
     152       0.9927
     153      33.9786
     154      22.4635
     155      31.5181
     156      28.1701
     157      20.5276
     158      26.2610
     159      33.0404
     160      25.3180
     161      33.4168
     162      17.7861
     163      26.4162
     164      28.9922
     165      27.8867
     166      25.3493
     167      18.9242
     168      28.7687
     169      41.7204
     170      29.5811
     171      28.1351
     172      22.6593
     173      29.1403
     174      17.8969
     175      14.9209
     176      29.3791
     177      19.2050
     178      26.2501
     179      30.6890
     180      19.5186
     181      12.6218
     182      26.2712
     183      26.9315
     184      21.3471
     185      17.2468
     186      17.0618
     187      12.6080
     188      13.4953
     189       7.0483
     190      23.9069
     191      23.6328
     192      12.6341
     193       7.2767
     194      39.2852
     195      18.2000
     196      15.6558
     197      31.9206
     198       9.7897
     199      22.1276
     200      19.8800
