#Frame      Dih_00052
       1      -7.1043
       2     -23.9409
       3     -21.4929
       4     -14.3180
       5     -14.1243
       6     -10.1053
       7      -5.1355
       8     -11.2021
       9     -14.3489
      10      -3.8335
      11     -13.4970
      12     -18.1478
      13     -11.6349
      14     -31.5142
      15      -6.3647
      16      -8.6171
      17      -0.2008
      18      10.2948
      19       3.8482
      20       3.5314
      21      -1.7123
      22     -11.9682
      23     -14.8848
      24     -15.1501
      25     -15.2763
      26     -14.2209
      27     -13.5542
      28     -10.1528
      29      -7.6539
      30     -12.4883
      31       4.0308
      32     -10.4377
      33      -9.3543
      34      -7.3890
      35      -7.4459
      36     -16.7733
      37      -8.8037
      38      -1.4307
      39     -24.6776
      40      -9.0875
      41      -8.9753
      42     -22.3677
      43     -14.8318
      44      -8.8635
      45     -26.0207
      46     -19.8845
      47      -9.6105
      48      -6.3582
      49     -24.8853
      50      -9.2300
      51      -1.7659
      52     -26.1772
      53      -7.6568
      54      -5.3942
      55     -12.8438
      56      -7.7962
      57     -13.7365
      58     -18.7083
      59     -19.6569
      60     -18.4426
      61       0.5641
      62       4.1529
      63      -9.5205
      64      -1.0397
      65      -8.0042
      66     -10.7296
      67      -5.6055
      68     -24.0686
      69     -29.9545
      70     -23.6895
      71     -13.7365
      72      -3.6665
      73     -17.7325
      74       1.5472
      75      -4.1772
      76     -11.0324
      77     -12.5504
      78     -10.5241
      79     -12.3773
      80       2.1512
      81      -1.0903
      82     -23.8391
      83     -14.6373
      84      -0.5165
      85     -10.6895
      86     -20.2928
      87     -22.7869
      88     -22.8983
      89      -9.4425
      90     -14.8512
      91     -19.3593
      92      -7.9153
      93      -4.4953
      94      -8.9948
      95      -7.2776
      96      -0.9560
      97     -11.5545
      98      -5.7659
      99     -19.7123
     100     -17.2784
     101     -11.8278
     102     -18.2078
     103     -28.7279
     104     -21.9532
     105      -4.5388
     106     -23.9449
     107     -24.5337
     108     -11.5567
     109     -15.4913
     110     -14.7122
     111     -16.5931
     112     -17.8120
     113     -12.7163
     114     -25.0706
     115     -15.2949
     116      -0.8079
     117      -3.9614
     118     -15.9222
     119     -17.9588
     120     -14.0133
     121     -17.3546
     122     -19.5917
     123     -20.9840
     124     -34.3054
     125     -19.0180
     126     -10.2555
     127      -8.9523
     128     -21.0978
     129     -21.3393
     130     -15.0434
     131      -7.3232
     132     -19.5735
     133     -16.4964
     134     -27.0350
     135     -10.1523
     136       5.5208
     137       0.4442
     138       4.0490
     139      17.2326
     140      13.9821
     141      -2.3618
     142      -0.2866
     143      -3.3311
     144       1.4580
     145      -1.8603
     146     -13.1737
     147     -21.1375
     148     -27.9459
     149     -13.0148
     150      -9.5147
     151     -17.3071
     152     -10.8518
     153     -10.8791
     154     -14.1054
     155     -13.9706
     156       0.5839
     157     -26.0058
     158     -17.9492
     159     -11.7746
     160     -18.1782
     161      -3.8844
     162      -3.6370
     163     -18.0599
     164     -12.4537
     165      -9.6441
     166     -23.4389
     167     -20.3843
     168     -10.2840
     169      -4.4344
     170     -18.2303
     171     -12.6424
     172     -14.6351
     173     -19.7692
     174     -21.3476
     175     -18.0426
     176     -10.7894
     177     -16.8887
     178     -11.5815
     179      -8.5944
     180     -24.0128
     181     -24.9113
     182     -22.9878
     183     -16.6961
     184     -17.0843
     185     -16.4520
     186      -4.3892
     187      -5.5570
     188     -10.6634
     189      -9.2318
     190       3.3041
     191      -0.4396
     192     -20.7766
     193     -16.4279
     194      -2.4227
     195     -13.0462
     196     -22.2033
     197      -8.5358
     198     -16.2889
     199      -7.4508
     200       2.6382
