#Frame      Dih_00056
       1       4.2838
       2      -2.1104
       3     -12.1859
       4      -8.7783
       5     -10.8231
       6      -2.5452
       7       5.9081
       8      -0.9995
       9     -11.5915
      10       1.3562
      11       7.1434
      12      -7.4947
      13      -6.1600
      14      -7.6787
      15      -1.2518
      16       5.7591
      17      -7.6902
      18      -5.2369
      19      -0.7033
      20       5.6799
      21       3.5169
      22      -7.7229
      23       4.1677
      24     -14.0934
      25       4.0994
      26     -11.0147
      27      -3.0846
      28       5.5891
      29      14.5521
      30       1.6875
      31     -14.3190
      32      -4.4130
      33      -5.7850
      34      -8.3568
      35      -4.5082
      36      -2.3422
      37      -8.9977
      38       0.5902
      39       1.7465
      40       7.2108
      41      -5.8644
      42     -11.8384
      43     -12.2744
      44      -2.5555
      45       7.2675
      46      -6.4318
      47     -14.4279
      48     -13.1977
      49     -13.4907
      50     -12.6073
      51     -16.8667
      52      -4.7768
      53      -5.8759
      54      -2.6154
      55     -19.4044
      56     -13.6670
      57       1.3290
      58      -2.1946
      59      -8.3522
      60      -1.6141
      61      -7.5498
      62     -11.3961
      63     -12.8632
      64       0.3258
      65     -13.0087
      66     -17.8709
      67     -13.4366
      68      -4.3269
      69      11.9312
      70      -9.4100
      71      -6.7813
      72      -8.9081
      73       2.0206
      74      -2.8755
      75     -15.9506
      76     -16.3553
      77     -22.9747
      78       1.8451
      79      -7.8991
      80      -9.2891
      81      12.3603
      82      -7.0583
      83      -5.2117
      84      -4.2085
      85     -15.2379
      86      -8.0910
      87      -0.5850
      88      -9.2772
      89     -17.2806
      90      -1.3224
      91      -5.8948
      92      10.9910
      93      -3.8273
      94     -11.3751
      95     -27.2816
      96      -7.2261
      97     -20.2820
      98       4.4164
      99      -4.0547
     100     -21.9093
     101     -14.3437
     102       9.0194
     103       6.9621
     104      -6.3184
     105      -7.6562
     106       4.1222
     107      -7.1009
     108     -17.8540
     109      -7.3625
     110     -19.3213
     111     -15.9994
     112      15.7065
     113      -5.9063
     114     -11.7575
     115      -2.7412
     116     -14.0380
     117      -3.9826
     118       6.9911
     119      -0.5420
     120       6.7707
     121      -3.8569
     122      -8.9527
     123      -9.8360
     124       1.8911
     125     -13.8512
     126     -20.5847
     127      -0.5051
     128      -1.8460
     129      -0.2761
     130       0.6646
     131      -4.4956
     132      -1.9052
     133     -10.5025
     134     -13.1814
     135      -9.2860
     136     -11.9404
     137      -0.3112
     138     -13.7778
     139     -13.0997
     140      11.5317
     141      -1.0815
     142     -22.8105
     143       9.2841
     144      10.3552
     145       1.6018
     146     -12.4256
     147       5.4136
     148      -4.0807
     149       1.4852
     150       3.2658
     151      -7.3965
     152      -2.5704
     153      -3.9300
     154      -2.3318
     155      -8.5152
     156     -14.3724
     157       1.3956
     158       0.3254
     159      -4.3090
     160     -10.7803
     161      -9.8862
     162      -1.9085
     163      -5.4153
     164     -10.3119
     165      -8.4258
     166      -5.2498
     167      -9.8151
     168      -5.9297
     169      -3.4965
     170     -15.1993
     171      -8.4921
     172       5.6003
     173      11.7464
     174      -7.1564
     175      -3.1584
     176      -0.6113
     177      -2.8751
     178     -12.5185
     179      -8.4493
     180       6.1154
     181     -16.6791
     182      -5.4861
     183      -4.0880
     184      -0.3206
     185      -9.4586
     186      -3.8970
     187      -2.7907
     188     -16.5297
     189      -8.8286
     190     -12.1750
     191      -8.6474
     192     -17.7061
     193     -19.1177
     194      -5.6771
     195      -5.5037
     196     -11.2543
     197      -3.9128
     198      -5.5005
     199     -11.5061
     200     -25.8209
