#Frame      Dih_00059
       1     -26.8203
       2     -26.5441
       3     -30.3347
       4     -13.8110
       5     -25.8758
       6     -28.2572
       7     -31.8692
       8     -30.9688
       9     -32.8493
      10     -34.0786
      11     -21.0023
      12     -37.3483
      13     -41.1622
      14     -19.3455
      15     -25.6247
      16     -16.9797
      17     -28.5421
      18     -44.4778
      19     -27.9731
      20     -23.0594
      21     -41.5374
      22     -38.4494
      23     -24.8606
      24     -27.7751
      25     -21.2733
      26     -34.6445
      27     -35.0395
      28     -33.6839
      29     -36.0376
      30     -29.8858
      31     -37.0446
      32     -35.1886
      33     -41.9758
      34     -28.3093
      35     -34.6657
      36     -36.8806
      37     -32.9710
      38     -32.3698
      39     -39.4878
      40     -27.7960
      41     -43.7656
      42     -46.1733
      43     -39.2627
      44     -24.3652
      45     -30.8312
      46     -36.9725
      47     -44.0433
      48     -38.5129
      49     -38.6399
      50     -38.1292
      51     -38.9726
      52     -44.7185
      53     -29.2066
      54     -26.8677
      55     -38.8620
      56     -43.9141
      57     -39.5262
      58     -37.5813
      59     -32.1893
      60     -27.2908
      61     -38.5464
      62     -38.6778
      63     -29.4513
      64     -24.5821
      65     -34.0624
      66     -30.4878
      67     -34.7879
      68     -33.9446
      69     -26.5780
      70     -41.3317
      71     -47.4641
      72     -31.8640
      73     -35.0751
      74     -35.3694
      75     -30.2248
      76     -22.1221
      77     -31.1414
      78     -33.3453
      79     -32.9093
      80     -33.3073
      81     -23.2808
      82     -34.3916
      83     -40.0407
      84     -40.3025
      85     -33.7286
      86     -37.6933
      87     -27.2083
      88     -36.1303
      89     -38.4098
      90     -27.7904
      91     -34.5480
      92     -34.5350
      93     -41.0949
      94     -24.5312
      95     -43.7872
      96     -29.1570
      97     -37.3116
      98     -35.0283
      99     -32.4707
     100     -40.7032
     101     -38.8803
     102     -28.1471
     103     -26.8445
     104     -21.3947
     105     -27.7139
     106     -25.3870
     107     -36.4300
     108     -33.3886
     109     -15.9712
     110     -32.3334
     111     -33.9626
     112     -26.1413
     113     -32.0173
     114     -22.2888
     115     -20.5390
     116     -30.5438
     117     -33.7918
     118     -23.5578
     119     -32.3137
     120     -29.0204
     121     -31.3292
     122     -32.4167
     123     -31.5103
     124     -35.8733
     125     -32.0934
     126     -43.2791
     127     -31.2030
     128     -29.7444
     129     -48.6623
     130     -31.2587
     131     -36.6888
     132     -39.8349
     133     -36.8874
     134     -25.6104
     135     -45.6619
     136     -35.7704
     137     -35.2269
     138     -42.5566
     139     -43.1262
     140     -27.9494
     141     -35.4977
     142     -41.5560
     143     -34.8291
     144     -42.4923
     145     -37.7375
     146     -32.0207
     147     -29.9296
     148     -37.9775
     149     -36.2595
     150     -37.1619
     151     -39.6207
     152     -41.9894
     153     -35.9046
     154     -41.1210
     155     -37.4646
     156     -37.4378
     157     -44.1395
     158     -42.6913
     159     -35.5702
     160     -40.8130
     161     -44.1878
     162     -42.5949
     163     -34.6721
     164     -40.6410
     165     -38.5731
     166     -37.7256
     167     -44.1062
     168     -37.7911
     169     -38.8826
     170     -43.1048
     171     -51.2208
     172     -34.0069
     173     -33.3515
     174     -46.9136
     175     -37.5720
     176     -36.3675
     177     -36.9096
     178     -42.7284
     179     -41.5268
     180     -39.3204
     181     -34.7273
     182     -42.4662
     183     -35.9605
     184     -29.4607
     185     -33.8044
     186     -35.2590
     187     -36.9346
     188     -42.3311
     189     -31.5720
     190     -34.7393
     191     -36.9498
     192     -46.9040
     193     -42.4413
     194     -45.4878
     195     -35.8238
     196     -40.8525
     197     -42.5607
     198     -43.5917
     199     -38.9597
     200     -43.8128
