#Frame      Dih_00058
       1      28.0648
       2      25.1428
       3      22.9335
       4       8.0630
       5      19.1690
       6      25.1432
       7      32.9052
       8      31.7626
       9      23.6307
      10      31.5175
      11      26.1444
      12      33.9285
      13      36.1368
      14      14.3974
      15      25.3517
      16      19.7577
      17      24.7401
      18      43.4178
      19      26.5447
      20      24.8513
      21      43.8035
      22      33.3559
      23      28.9418
      24      19.3474
      25      22.0813
      26      29.3728
      27      32.3829
      28      36.2118
      29      42.2215
      30      30.0340
      31      27.9721
      32      31.1402
      33      36.6570
      34      22.8532
      35      31.2320
      36      36.0546
      37      26.8176
      38      31.7775
      39      41.1071
      40      31.5729
      41      38.9789
      42      37.5160
      43      31.7701
      44      21.0256
      45      31.9036
      46      34.2167
      47      32.4836
      48      28.9902
      49      29.1475
      50      28.9978
      51      28.0355
      52      42.0508
      53      26.1970
      54      26.2620
      55      26.8129
      56      36.0203
      57      39.4503
      58      35.8584
      59      26.4340
      60      23.7688
      61      33.3951
      62      32.4434
      63      21.4073
      64      23.0776
      65      26.5396
      66      21.4318
      67      24.9356
      68      30.0186
      69      34.2233
      70      33.0262
      71      42.6255
      72      25.4148
      73      37.5387
      74      35.7294
      75      23.7043
      76      12.2239
      77      15.1651
      78      35.0676
      79      25.8202
      80      27.9022
      81      29.8069
      82      28.5211
      83      36.6636
      84      35.6587
      85      24.5878
      86      34.6611
      87      24.3737
      88      31.4442
      89      28.3094
      90      24.8354
      91      29.4477
      92      39.6371
      93      37.5927
      94      16.4867
      95      27.0483
      96      25.0299
      97      25.2431
      98      37.8946
      99      29.2250
     100      28.4272
     101      30.8084
     102      31.1069
     103      31.1186
     104      17.3746
     105      22.8962
     106      26.5159
     107      31.7802
     108      20.9540
     109      10.1206
     110      23.8021
     111      25.4298
     112      34.6315
     113      27.8190
     114      14.8711
     115      19.1929
     116      20.5525
     117      31.3723
     118      26.7077
     119      28.5852
     120      30.3969
     121      29.2471
     122      25.9320
     123      24.7799
     124      37.5117
     125      23.8763
     126      29.1318
     127      30.9924
     128      27.8461
     129      44.5230
     130      29.5823
     131      34.2409
     132      35.6957
     133      30.2022
     134      19.6140
     135      38.5705
     136      27.4122
     137      35.9120
     138      34.6902
     139      33.1491
     140      32.0693
     141      34.6599
     142      25.6346
     143      35.6092
     144      45.6555
     145      37.9025
     146      23.0313
     147      33.0787
     148      36.5721
     149      38.0947
     150      39.8212
     151      33.8331
     152      37.2330
     153      31.3156
     154      36.7917
     155      30.4676
     156      27.7740
     157      44.8853
     158      42.0741
     159      31.8997
     160      31.9522
     161      36.6895
     162      38.5986
     163      28.6286
     164      34.2249
     165      32.5311
     166      32.0465
     167      36.0619
     168      33.2703
     169      35.5377
     170      33.2080
     171      46.0546
     172      33.6320
     173      37.1586
     174      44.2662
     175      36.8232
     176      32.9256
     177      34.5650
     178      38.0939
     179      33.9608
     180      39.8440
     181      26.7067
     182      40.0970
     183      31.6378
     184      27.0034
     185      27.9156
     186      31.9925
     187      34.4344
     188      32.5982
     189      25.2698
     190      25.9098
     191      31.3299
     192      35.6034
     193      28.4494
     194      40.9266
     195      31.2081
     196      29.7470
     197      38.2934
     198      40.2529
     199      30.9878
     200      29.6212
