#Frame      Dih_00060
       1      13.8528
       2      18.7676
       3      27.1261
       4      14.1686
       5      23.3434
       6      18.7502
       7      17.2495
       8      21.8827
       9      27.9331
      10      21.9211
      11       9.1139
      12      28.3428
      13      30.2927
      14      17.8287
      15      17.6984
      16       7.1869
      17      23.6898
      18      33.1813
      19      18.2963
      20      10.6405
      21      25.6573
      22      28.5492
      23      13.8819
      24      26.8277
      25      10.5428
      26      29.6229
      27      25.6424
      28      19.2556
      29      13.7855
      30      18.1601
      31      33.4062
      32      24.8553
      33      31.8480
      34      23.4347
      35      25.4791
      36      26.3264
      37      26.8154
      38      21.0363
      39      24.3741
      40      13.3468
      41      32.4793
      42      35.8438
      43      34.0107
      44      17.4405
      45      15.1261
      46      28.6587
      47      35.9655
      48      33.4065
      49      31.5095
      50      32.2159
      51      36.3718
      52      33.6457
      53      22.8156
      54      18.9919
      55      37.2252
      56      36.2124
      57      25.4239
      58      25.6044
      59      25.2588
      60      19.2450
      61      29.4906
      62      32.9465
      63      27.2760
      64      16.2411
      65      31.7094
      66      30.6668
      67      29.8194
      68      25.1623
      69      10.1543
      70      31.2509
      71      35.1050
      72      26.8501
      73      21.3134
      74      25.1389
      75      30.6978
      76      24.9798
      77      35.0386
      78      21.3550
      79      25.4237
      80      26.2375
      81       7.1075
      82      26.6175
      83      28.1857
      84      28.5305
      85      33.2616
      86      30.4609
      87      17.4442
      88      28.8478
      89      36.9781
      90      18.8892
      91      25.1030
      92      15.5596
      93      29.6368
      94      21.7090
      95      45.2597
      96      23.6500
      97      36.4415
      98      20.4945
      99      23.9626
     100      39.2819
     101      33.9955
     102      12.7868
     103      13.3193
     104      18.2089
     105      23.0769
     106      13.4265
     107      27.3309
     108      31.4401
     109      14.5596
     110      34.6105
     111      32.9889
     112       7.2743
     113      24.4638
     114      22.6097
     115      14.3791
     116      27.5122
     117      24.9891
     118       9.7256
     119      20.7560
     120      14.0553
     121      22.8218
     122      26.6432
     123      26.8282
     124      23.7185
     125      29.1764
     126      40.1335
     127      19.6558
     128      19.4082
     129      30.3664
     130      19.1091
     131      26.7745
     132      27.0891
     133      29.7768
     134      26.9098
     135      37.3753
     136      29.2664
     137      23.2222
     138      36.1763
     139      34.6709
     140      10.3838
     141      24.3068
     142      39.7567
     143      15.6142
     144      21.0761
     145      22.8501
     146      28.2097
     147      15.4335
     148      27.8517
     149      22.6713
     150      21.6947
     151      29.0183
     152      28.7852
     153      23.7216
     154      28.2080
     155      29.7241
     156      32.2170
     157      26.4019
     158      26.2840
     159      25.6423
     160      32.8451
     161      33.3414
     162      29.0075
     163      25.3969
     164      32.0837
     165      29.8039
     166      27.1017
     167      32.3905
     168      27.8428
     169      26.9668
     170      35.0930
     171      40.2372
     172      17.8814
     173      13.4372
     174      38.0171
     175      26.4676
     176      24.0841
     177      24.4105
     178      34.0080
     179      32.4919
     180      21.3618
     181      33.3680
     182      31.5716
     183      24.7801
     184      19.0994
     185      28.6145
     186      24.2105
     187      26.0032
     188      39.0686
     189      26.3452
     190      29.5467
     191      29.2931
     192      40.1283
     193      38.6559
     194      32.7851
     195      26.4523
     196      32.7048
     197      28.6860
     198      30.6756
     199      32.9811
     200      44.2883
