#Frame      Dih_00057
       1     -21.0025
       2     -14.9200
       3      -7.7383
       4      -0.0051
       5      -6.4414
       6     -14.3306
       7     -25.6822
       8     -20.5784
       9      -8.3577
      10     -22.3169
      11     -21.0407
      12     -16.6960
      13     -20.8308
      14      -5.0580
      15     -16.9190
      16     -16.4747
      17     -11.7617
      18     -26.0639
      19     -16.5856
      20     -19.2167
      21     -31.5763
      22     -16.3365
      23     -21.5925
      24      -4.8190
      25     -16.2566
      26     -13.2382
      27     -19.2037
      28     -28.9610
      29     -36.5100
      30     -20.5432
      31      -9.9734
      32     -17.9811
      33     -21.5065
      34     -10.2681
      35     -17.6592
      36     -23.2511
      37     -12.2949
      38     -21.2865
      39     -28.4738
      40     -23.5047
      41     -23.4300
      42     -16.7133
      43     -13.9548
      44     -12.3310
      45     -26.2699
      46     -19.8378
      47     -13.3432
      48     -10.9446
      49     -10.8361
      50     -11.7862
      51      -8.3431
      52     -23.8039
      53     -14.0131
      54     -16.2038
      55      -5.2923
      56     -15.2363
      57     -27.7835
      58     -22.6064
      59     -10.9822
      60     -15.8571
      61     -18.0810
      62     -14.1606
      63      -6.3060
      64     -16.0479
      65     -10.5410
      66      -3.6524
      67      -7.9931
      68     -17.8053
      69     -29.9830
      70     -15.9950
      71     -24.2082
      72     -12.0016
      73     -26.5130
      74     -20.3403
      75      -7.0704
      76       1.7300
      77       3.2847
      78     -24.7868
      79     -11.9005
      80     -12.1714
      81     -26.8923
      82     -14.6169
      83     -21.1750
      84     -21.8275
      85      -7.9916
      86     -17.8971
      87     -16.0582
      88     -15.3660
      89      -8.4029
      90     -16.6460
      91     -16.7711
      92     -31.8826
      93     -24.1655
      94      -3.6496
      95      -2.6859
      96     -12.2049
      97      -4.6294
      98     -27.8635
      99     -17.2802
     100      -5.7830
     101     -11.9478
     102     -26.8879
     103     -25.1014
     104      -7.7476
     105     -10.6874
     106     -19.9732
     107     -15.6771
     108      -3.6514
     109      -2.3591
     110      -4.4564
     111      -7.0676
     112     -32.1305
     113     -15.3113
     114      -2.7476
     115     -11.7285
     116      -4.4075
     117     -19.5702
     118     -20.6763
     119     -18.5594
     120     -24.7118
     121     -15.5997
     122     -11.6821
     123     -11.3579
     124     -25.7925
     125      -7.1868
     126      -6.8689
     127     -20.0888
     128     -16.8026
     129     -28.8876
     130     -20.7481
     131     -18.5677
     132     -23.0234
     133     -13.5960
     134      -5.4202
     135     -19.9254
     136     -11.0775
     137     -24.3775
     138     -12.7963
     139     -14.6014
     140     -29.3674
     141     -22.0191
     142      -3.8943
     143     -28.9662
     144     -37.2429
     145     -24.9258
     146      -7.4364
     147     -24.8090
     148     -21.3234
     149     -25.3620
     150     -27.6074
     151     -17.4279
     152     -23.9259
     153     -17.7310
     154     -24.2248
     155     -15.6361
     156      -9.7545
     157     -30.6641
     158     -28.3182
     159     -18.7988
     160     -14.8547
     161     -18.7151
     162     -25.4514
     163     -15.8219
     164     -16.3223
     165     -15.7248
     166     -17.5192
     167     -18.3163
     168     -18.3033
     169     -21.3518
     170     -11.9418
     171     -26.0721
     172     -25.3006
     173     -31.2581
     174     -25.3822
     175     -22.1030
     176     -22.5997
     177     -20.8279
     178     -16.4451
     179     -17.7006
     180     -30.8891
     181      -7.7995
     182     -21.6185
     183     -19.3542
     184     -16.8925
     185     -13.4991
     186     -19.4556
     187     -20.5229
     188     -11.9120
     189     -12.0258
     190     -10.8414
     191     -15.2953
     192     -12.7084
     193      -6.9972
     194     -23.0769
     195     -16.0072
     196     -12.7138
     197     -21.5353
     198     -21.0717
     199     -13.9386
     200      -3.3678
