#Frame      Dih_00061
       1     -11.7452
       2      -1.9525
       3       9.2124
       4       1.3378
       5       0.0235
       6       7.1170
       7     -13.4969
       8      -4.2288
       9       7.1395
      10      10.1124
      11      -8.4376
      12       1.1912
      13      -4.5495
      14      -5.4501
      15      -2.8390
      16      -3.3229
      17      -3.8850
      18       0.4506
      19      13.0901
      20      25.3146
      21       0.8723
      22       3.9115
      23      -6.1562
      24      -4.2981
      25       5.6314
      26       7.4892
      27       0.5545
      28       6.0180
      29      17.0812
      30      -6.4635
      31       4.8050
      32       2.6386
      33      -2.5699
      34      -0.4004
      35       5.4779
      36     -11.9563
      37      -5.7020
      38      -4.4227
      39      -7.2940
      40      -4.2467
      41      -5.3511
      42       5.2695
      43       8.8939
      44       8.5066
      45       6.2404
      46      -3.7723
      47       8.7726
      48      15.0589
      49       1.3235
      50       8.7902
      51       4.5426
      52      16.1858
      53      -0.8772
      54       5.8480
      55      -3.1825
      56       1.8228
      57       5.8096
      58      -6.4273
      59       5.1153
      60       1.1455
      61       8.7409
      62       5.3691
      63       8.2534
      64       9.6496
      65      -2.5632
      66      -1.9944
      67       2.1707
      68      15.4069
      69       7.5136
      70       9.0323
      71      -0.4348
      72      -3.3302
      73      -1.9674
      74       0.4123
      75      -3.4981
      76      -4.6884
      77      12.8291
      78       6.1058
      79       5.4014
      80      13.7517
      81      -1.0936
      82      -2.7144
      83      12.0810
      84       4.0179
      85       8.7942
      86      10.6866
      87       6.1930
      88      -2.9714
      89      -0.9754
      90      -4.5740
      91      -2.5594
      92      -2.3855
      93       1.9988
      94      21.4012
      95       7.2626
      96      15.8178
      97      -0.4684
      98      11.4533
      99       3.2916
     100      -4.7019
     101       1.5618
     102     -11.5510
     103       1.8603
     104      -4.4431
     105       1.7913
     106      -5.1842
     107       1.9449
     108       0.6199
     109       3.2420
     110      -5.1938
     111       3.5508
     112       0.4707
     113      -1.9067
     114       1.1387
     115      -4.6489
     116     -14.3754
     117       0.1912
     118      -8.8735
     119     -11.5699
     120      -0.9444
     121      -4.5018
     122       5.5242
     123       7.3402
     124       0.5339
     125       6.3079
     126       5.9889
     127      -2.8058
     128      -8.5544
     129       5.8645
     130       9.6997
     131      -7.6550
     132       1.7091
     133       6.9632
     134       2.4188
     135      -5.2247
     136      -8.8551
     137      -8.5687
     138     -13.9325
     139       2.7220
     140       4.8144
     141      -5.2356
     142      -1.6798
     143       2.9392
     144       0.4218
     145      -7.8934
     146       3.6994
     147      -2.8441
     148       3.1672
     149      -5.2778
     150     -11.3213
     151      -6.1418
     152      -4.0922
     153       3.3695
     154       0.2761
     155     -13.1965
     156     -11.8955
     157       0.4902
     158      -4.5575
     159      -5.2459
     160      10.7729
     161       2.9422
     162      -9.9045
     163       5.4457
     164       5.8707
     165      -3.9046
     166      15.0887
     167       8.6014
     168       2.5800
     169     -17.2768
     170      -7.4092
     171      -8.1823
     172      -7.9252
     173       4.1256
     174     -10.9092
     175      -4.1428
     176       3.5276
     177      -4.8897
     178     -12.8391
     179      -6.1814
     180       0.2882
     181       0.9111
     182      -8.0614
     183       0.0832
     184      -2.6893
     185      -4.6907
     186       1.7118
     187     -10.9082
     188      -6.8998
     189      -9.0333
     190       6.0441
     191       3.3728
     192      -1.5539
     193      -8.5082
     194      -6.9947
     195      11.3962
     196     -12.0636
     197     -14.2727
     198       2.4263
     199       2.0996
     200      10.9155
