#Frame      Dih_00062
       1     -15.4180
       2     -21.9268
       3     -26.2968
       4     -24.3111
       5     -23.5268
       6     -22.7749
       7     -15.0847
       8     -20.2365
       9     -25.0446
      10     -36.4916
      11     -17.9841
      12     -18.1293
      13     -15.4544
      14     -21.7298
      15     -22.2133
      16     -19.2541
      17     -22.3469
      18     -22.7004
      19     -30.4897
      20     -39.7985
      21     -22.6038
      22     -21.3239
      23     -22.8921
      24     -20.3015
      25     -22.3194
      26     -31.5092
      27     -23.4441
      28     -32.2200
      29     -38.4264
      30     -20.5748
      31     -27.9091
      32     -29.6660
      33     -17.0883
      34     -25.3053
      35     -27.2662
      36      -6.3114
      37     -17.4162
      38     -20.3998
      39     -14.9377
      40     -16.8674
      41     -20.6210
      42     -28.3286
      43     -28.3048
      44     -33.5519
      45     -26.4889
      46     -19.1694
      47     -37.8392
      48     -36.2635
      49     -19.8762
      50     -29.6152
      51     -29.2764
      52     -32.7633
      53     -19.4186
      54     -27.4277
      55     -20.0968
      56     -21.9227
      57     -26.9603
      58     -18.6223
      59     -26.1730
      60     -26.7368
      61     -28.7422
      62     -33.0771
      63     -25.6903
      64     -31.2811
      65     -19.7551
      66     -18.8626
      67     -24.8824
      68     -32.4772
      69     -25.5907
      70     -29.5828
      71     -20.0368
      72     -20.2849
      73     -20.5367
      74     -20.7614
      75     -20.5623
      76     -17.0914
      77     -30.8666
      78     -29.4706
      79     -26.3846
      80     -28.8108
      81     -24.1548
      82     -23.4030
      83     -31.3099
      84     -22.2776
      85     -27.3641
      86     -26.0314
      87     -24.1989
      88     -17.6684
      89     -18.7236
      90     -20.8824
      91     -16.3140
      92     -17.9698
      93     -25.0562
      94     -32.7471
      95     -32.7418
      96     -36.4712
      97     -18.5549
      98     -29.7790
      99     -23.6571
     100     -19.0471
     101     -19.7077
     102     -14.4511
     103     -16.9524
     104     -11.4132
     105     -26.5273
     106     -10.4656
     107     -21.6598
     108     -21.7804
     109     -20.1072
     110     -19.7255
     111     -21.2586
     112     -23.4195
     113     -17.3597
     114     -25.2929
     115     -17.3186
     116      -6.4916
     117     -22.8433
     118     -12.5981
     119     -10.5443
     120     -20.3278
     121     -16.5923
     122     -24.8143
     123     -25.0638
     124     -23.2223
     125     -20.6822
     126     -27.7608
     127     -14.0436
     128     -10.0870
     129     -24.3938
     130     -28.5898
     131     -14.8885
     132     -20.5963
     133     -29.8812
     134     -22.5361
     135     -15.8132
     136     -19.9024
     137     -16.3878
     138     -13.4908
     139     -23.4340
     140     -23.6371
     141     -15.7535
     142     -22.7792
     143     -29.3709
     144     -22.8266
     145     -16.2720
     146     -23.9399
     147     -21.2134
     148     -22.3391
     149     -17.1517
     150      -9.1913
     151     -14.9288
     152     -18.1773
     153     -26.9714
     154     -20.8391
     155     -11.6410
     156     -20.0796
     157     -22.5320
     158     -19.2002
     159     -18.6769
     160     -30.9884
     161     -26.1954
     162     -22.5760
     163     -24.1524
     164     -27.7692
     165     -23.3143
     166     -37.0214
     167     -28.6391
     168     -27.4334
     169     -13.0208
     170     -15.4955
     171     -20.7584
     172     -21.2947
     173     -21.7130
     174     -13.1681
     175     -24.0226
     176     -29.1051
     177     -22.9653
     178     -14.4707
     179     -21.2568
     180     -25.2645
     181     -21.7645
     182     -14.8254
     183     -24.8482
     184     -20.6345
     185     -24.6136
     186     -31.9070
     187     -15.0969
     188     -19.8522
     189     -17.8631
     190     -26.7098
     191     -24.9273
     192     -23.0071
     193     -19.5408
     194     -17.5468
     195     -32.2009
     196     -19.7685
     197     -11.0038
     198     -20.9496
     199     -27.3813
     200     -27.7331
