#Frame      Dih_00064
       1     -43.6132
       2     -36.1562
       3     -31.3266
       4     -36.4944
       5     -34.5250
       6     -29.4467
       7     -41.7766
       8     -37.0727
       9     -29.2718
      10     -40.7447
      11     -39.8882
      12     -26.1005
      13     -31.6222
      14     -42.9029
      15     -38.7583
      16     -38.4348
      17     -42.0985
      18     -34.6322
      19     -30.7620
      20     -24.5181
      21     -34.8738
      22     -26.9418
      23     -45.3787
      24     -40.9337
      25     -25.4966
      26     -38.6554
      27     -37.2742
      28     -40.6464
      29     -32.5966
      30     -41.5633
      31     -37.1262
      32     -43.0015
      33     -32.4912
      34     -39.3705
      35     -33.4788
      36     -29.9101
      37     -38.5136
      38     -36.1229
      39     -35.1158
      40     -33.9736
      41     -37.0901
      42     -36.7319
      43     -31.4110
      44     -35.3387
      45     -33.3379
      46     -36.7912
      47     -40.6839
      48     -32.7690
      49     -30.7324
      50     -30.8594
      51     -41.6233
      52     -27.5999
      53     -32.2489
      54     -36.5833
      55     -37.4164
      56     -30.3030
      57     -35.8599
      58     -41.9372
      59     -30.3498
      60     -40.4974
      61     -31.9539
      62     -39.3032
      63     -26.5892
      64     -31.4041
      65     -35.5662
      66     -34.2836
      67     -38.6515
      68     -27.4108
      69     -30.6047
      70     -35.0659
      71     -31.6152
      72     -35.5643
      73     -34.0435
      74     -32.1155
      75     -35.3475
      76     -32.6934
      77     -30.0475
      78     -36.1619
      79     -33.4507
      80     -22.7494
      81     -37.7530
      82     -40.3227
      83     -30.6231
      84     -28.9220
      85     -28.7019
      86     -25.9474
      87     -28.2255
      88     -27.8820
      89     -31.1116
      90     -40.6440
      91     -27.6349
      92     -34.1104
      93     -34.4848
      94     -19.4634
      95     -39.1459
      96     -29.2207
      97     -29.6417
      98     -30.1513
      99     -32.2441
     100     -37.5972
     101     -28.2721
     102     -38.1306
     103     -22.8003
     104     -24.6025
     105     -38.6601
     106     -23.7096
     107     -32.1416
     108     -33.8524
     109     -26.6729
     110     -39.5398
     111     -26.8459
     112     -35.6133
     113     -29.4887
     114     -38.3008
     115     -33.4703
     116     -30.0681
     117     -35.0613
     118     -32.1533
     119     -33.6683
     120     -33.4034
     121     -31.8543
     122     -31.5325
     123     -29.8893
     124     -33.5728
     125     -22.3306
     126     -33.3842
     127     -25.2427
     128     -27.5995
     129     -29.0800
     130     -29.5125
     131     -33.8727
     132     -30.2960
     133     -37.9640
     134     -31.4350
     135     -33.4217
     136     -46.7295
     137     -38.4553
     138     -43.8156
     139     -32.4907
     140     -27.2673
     141     -32.4460
     142     -38.1191
     143     -40.2819
     144     -37.5095
     145     -37.6253
     146     -32.8877
     147     -38.1712
     148     -29.9912
     149     -35.8776
     150     -29.5416
     151     -32.9359
     152     -34.3609
     153     -35.7841
     154     -34.1968
     155     -38.9801
     156     -45.8765
     157     -35.3013
     158     -37.1941
     159     -37.2594
     160     -30.7336
     161     -38.2926
     162     -49.0140
     163     -30.2044
     164     -33.7526
     165     -42.3464
     166     -34.0889
     167     -33.1838
     168     -39.5555
     169     -45.3358
     170     -35.3387
     171     -42.8647
     172     -42.6154
     173     -25.8283
     174     -35.6785
     175     -43.0569
     176     -37.2686
     177     -44.1553
     178     -42.1943
     179     -38.7040
     180     -42.2416
     181     -33.1366
     182     -36.5903
     183     -40.2448
     184     -38.1740
     185     -43.7121
     186     -47.8094
     187     -38.9551
     188     -38.9443
     189     -45.2245
     190     -32.7584
     191     -34.1926
     192     -41.9115
     193     -41.5618
     194     -37.4282
     195     -32.6869
     196     -43.9999
     197     -40.6111
     198     -28.8024
     199     -39.1588
     200     -28.2845
