#Frame      Dih_00063
       1      35.9643
       2      32.5849
       3      32.4962
       4      37.2800
       5      34.6404
       6      28.9235
       7      35.7312
       8      33.7184
       9      30.2645
      10      45.3340
      11      35.2710
      12      25.2850
      13      27.0639
      14      37.8478
      15      35.7628
      16      34.0921
      17      36.9472
      18      34.8490
      19      35.6733
      20      38.1843
      21      35.5878
      22      29.8551
      23      38.2038
      24      35.9978
      25      30.0088
      26      41.8072
      27      34.4498
      28      42.2197
      29      41.6837
      30      35.3654
      31      39.1152
      32      43.7164
      33      28.3600
      34      39.2573
      35      37.2849
      36      20.6889
      37      32.2476
      38      34.2847
      39      28.9346
      40      30.1361
      41      36.5247
      42      38.0275
      43      34.6531
      44      42.3293
      45      34.8074
      46      33.3467
      47      49.4354
      48      39.9500
      49      30.2441
      50      36.8540
      51      40.3336
      52      35.4357
      53      30.2686
      54      35.9653
      55      34.6968
      56      32.5615
      57      35.7786
      58      34.3104
      59      35.1676
      60      39.5777
      61      34.0508
      62      43.3498
      63      31.6257
      64      34.2906
      65      32.1754
      66      31.9265
      67      35.8872
      68      33.2461
      69      32.5960
      70      38.2563
      71      31.7633
      72      34.0210
      73      30.5206
      74      31.4025
      75      35.2310
      76      29.4707
      77      34.5962
      78      38.8915
      79      34.6497
      80      30.2038
      81      36.1315
      82      38.7286
      83      35.1487
      84      30.6417
      85      34.9943
      86      30.1313
      87      32.6004
      88      29.4092
      89      30.5960
      90      36.0483
      91      26.6225
      92      29.3911
      93      35.4804
      94      31.2532
      95      41.8297
      96      38.4420
      97      27.8257
      98      35.6789
      99      33.1367
     100      34.6125
     101      28.7570
     102      30.8353
     103      23.9258
     104      20.8496
     105      37.6504
     106      20.7348
     107      33.1654
     108      31.9223
     109      28.0239
     110      34.8438
     111      27.1818
     112      33.1314
     113      28.0514
     114      36.6905
     115      29.7132
     116      23.2260
     117      35.1713
     118      26.0833
     119      25.9829
     120      31.2104
     121      28.2636
     122      32.3283
     123      33.4872
     124      35.2738
     125      25.1110
     126      34.7180
     127      24.1411
     128      23.5892
     129      30.8539
     130      33.7761
     131      30.5239
     132      29.2874
     133      38.3203
     134      32.6828
     135      29.0153
     136      37.6543
     137      33.5433
     138      34.7012
     139      32.5859
     140      30.7587
     141      29.3621
     142      36.0428
     143      40.5090
     144      35.6367
     145      30.7835
     146      33.4470
     147      35.5238
     148      31.2531
     149      31.2023
     150      23.5995
     151      28.5802
     152      31.0113
     153      37.6543
     154      32.8450
     155      29.8401
     156      40.2803
     157      35.4359
     158      33.1239
     159      32.8014
     160      35.6934
     161      38.4658
     162      41.7020
     163      30.6093
     164      35.3027
     165      38.7535
     166      41.3789
     167      37.1750
     168      38.1311
     169      36.3932
     170      30.0563
     171      37.8263
     172      38.7936
     173      28.7720
     174      29.1795
     175      40.1721
     176      39.1591
     177      39.4035
     178      35.2420
     179      36.9942
     180      36.8787
     181      31.5376
     182      29.8227
     183      38.8977
     184      34.0616
     185      39.2177
     186      48.1262
     187      33.6113
     188      36.4190
     189      35.8266
     190      35.1126
     191      34.8579
     192      37.0323
     193      37.0373
     194      31.9165
     195      36.7250
     196      38.6004
     197      30.3300
     198      28.7415
     199      42.6174
     200      32.7909
