#Frame      Dih_00065
       1      33.4499
       2      24.7999
       3      13.2501
       4      22.0392
       5      23.4977
       6      13.5903
       7      36.2068
       8      27.2230
       9      13.9433
      10      20.3061
      11      31.8357
      12      16.0265
      13      22.6057
      14      30.4465
      15      27.7713
      16      25.2294
      17      28.2875
      18      22.2351
      19      10.9276
      20       0.2360
      21      21.2186
      22      15.2458
      23      32.7036
      24      27.2925
      25      13.3224
      26      20.4663
      27      23.0208
      28      21.5576
      29       9.9062
      30      30.2581
      31      20.1546
      32      26.0223
      33      21.8016
      34      25.0166
      35      19.1169
      36      25.4550
      37      26.7232
      38      28.3210
      39      26.7293
      40      23.5592
      41      28.7303
      42      20.0524
      43      14.3517
      44      18.5388
      45      16.3079
      46      25.4216
      47      21.8060
      48      11.2096
      49      18.3169
      50      14.5461
      51      23.5460
      52       7.7713
      53      21.5273
      54      19.2675
      55      25.3043
      56      18.2972
      57      18.6987
      58      29.7279
      59      17.9105
      60      26.0766
      61      14.7443
      62      23.2060
      63      11.9733
      64      14.4454
      65      23.6220
      66      23.1853
      67      22.4095
      68       7.3787
      69      14.8248
      70      16.4047
      71      20.0812
      72      26.1356
      73      22.7891
      74      20.2965
      75      26.5579
      76      23.9607
      77      11.1152
      78      19.3222
      79      17.7185
      80       5.4957
      81      24.3923
      82      27.0042
      83      12.6328
      84      16.3570
      85      12.8584
      86       9.5858
      87      13.9982
      88      21.7026
      89      20.2625
      90      28.4524
      91      20.2955
      92      22.1834
      93      22.8688
      94      -0.6769
      95      20.4899
      96       8.7551
      97      18.9392
      98      12.1740
      99      18.1350
     100      26.6847
     101      17.4275
     102      32.7293
     103      13.8341
     104      18.9947
     105      22.9613
     106      18.9930
     107      19.0457
     108      20.2371
     109      14.6813
     110      27.9605
     111      14.8561
     112      22.8175
     113      20.0649
     114      23.7865
     115      25.0959
     116      28.2952
     117      22.5640
     118      25.6734
     119      30.7118
     120      22.3040
     121      23.8090
     122      16.5273
     123      13.8082
     124      21.8056
     125      10.5588
     126      18.8935
     127      18.0877
     128      23.0161
     129      15.4639
     130      12.7177
     131      27.6137
     132      17.4479
     133      18.6862
     134      19.4148
     135      24.9754
     136      34.7931
     137      30.7360
     138      33.8121
     139      19.7884
     140      14.8494
     141      23.4689
     142      25.7570
     143      24.4237
     144      24.2326
     145      29.0921
     146      18.6471
     147      25.2024
     148      17.4453
     149      26.1577
     150      26.9684
     151      25.7016
     152      24.6016
     153      22.2202
     154      21.8740
     155      32.9246
     156      37.1364
     157      21.8809
     158      27.0653
     159      26.6969
     160      14.1359
     161      22.1297
     162      36.6232
     163      15.2080
     164      17.1063
     165      29.4689
     166      12.8112
     167      14.9165
     168      23.9188
     169      41.0810
     170      27.9406
     171      34.9360
     172      33.1033
     173      14.0925
     174      30.0605
     175      30.5805
     176      22.9509
     177      30.2984
     178      34.8536
     179      29.6903
     180      26.1500
     181      19.7918
     182      28.8720
     183      26.0617
     184      26.0297
     185      31.5244
     186      30.2502
     187      31.1072
     188      29.9666
     189      32.9144
     190      17.7767
     191      20.0966
     192      27.4364
     193      33.7501
     194      28.0141
     195      13.7747
     196      36.6055
     197      34.1884
     198      16.5614
     199      24.5644
     200      11.1928
