#Frame      Dih_00070
       1      -3.3262
       2     -14.3615
       3      -6.0410
       4     -13.1020
       5       7.4209
       6       5.4555
       7      25.3225
       8      -0.9777
       9       2.1721
      10      -0.7821
      11       4.2096
      12       9.3624
      13      10.9212
      14       2.0156
      15      -5.0489
      16     -24.6685
      17     -13.3579
      18     -18.0044
      19      -4.7199
      20       1.3587
      21       0.8629
      22     -11.3792
      23       7.7910
      24      -1.8013
      25     -14.9884
      26      -6.6149
      27      11.6803
      28      -4.2222
      29      -0.7756
      30      -6.2854
      31      -2.9789
      32      -1.7003
      33     -24.9513
      34      -0.6107
      35      -7.0942
      36     -11.1272
      37     -15.4852
      38      -9.4300
      39     -11.7601
      40     -13.2018
      41     -10.6403
      42     -22.5846
      43     -24.9988
      44      -6.4380
      45       3.5712
      46      -2.0435
      47     -12.9167
      48     -15.8098
      49     -21.5659
      50     -25.5939
      51     -23.1107
      52     -19.8523
      53     -12.1256
      54      -6.7141
      55       3.3512
      56     -12.6417
      57     -12.1571
      58      -6.7951
      59      -9.5883
      60       0.3591
      61      -4.7882
      62     -21.7161
      63     -20.6221
      64     -13.8886
      65      -7.4197
      66     -30.1291
      67     -11.3594
      68     -12.7383
      69      -8.8352
      70      -6.6093
      71     -11.6818
      72     -10.1777
      73     -11.1731
      74      -2.4099
      75       4.3400
      76      -0.4717
      77       1.7633
      78      -1.5690
      79     -16.6835
      80      -2.0996
      81       0.0212
      82      -7.1221
      83       3.6634
      84       2.8768
      85      -0.0769
      86      -5.5992
      87       1.2617
      88      -4.9420
      89     -15.5251
      90     -11.0867
      91       4.7800
      92      -9.7454
      93     -10.6709
      94       5.9913
      95     -12.1619
      96     -15.0837
      97     -12.2179
      98     -14.1025
      99     -15.9660
     100      -5.3030
     101      -6.2334
     102     -13.6583
     103     -15.8503
     104     -12.6276
     105     -18.4342
     106     -11.9728
     107     -11.0795
     108      -4.5425
     109     -14.0386
     110      -7.8766
     111     -13.1452
     112     -11.8205
     113     -18.9377
     114      -6.5173
     115       7.8395
     116      -3.0271
     117      12.3423
     118     -19.2159
     119     -13.2207
     120     -20.7033
     121     -17.3823
     122     -18.0050
     123     -16.5387
     124     -10.1308
     125      -6.3016
     126     -14.3333
     127     -11.4512
     128     -12.2719
     129      -7.8300
     130     -17.2393
     131     -15.2753
     132     -22.2785
     133     -24.7358
     134     -21.5673
     135       6.3746
     136      -8.5625
     137      -1.0313
     138      -3.5748
     139      -0.1015
     140     -10.3984
     141      -1.6196
     142       4.3337
     143       1.1371
     144      -1.5490
     145      -2.5155
     146     -12.5551
     147     -12.0268
     148      -1.6282
     149       4.0864
     150      -3.8257
     151     -11.4552
     152     -18.2205
     153     -18.5875
     154       1.0256
     155      -7.8341
     156      -6.5796
     157     -10.1032
     158      -1.3419
     159      -5.8132
     160      -2.3909
     161      -9.3120
     162     -18.7277
     163      -7.9464
     164     -15.9225
     165     -19.8792
     166     -17.9112
     167     -16.3504
     168     -10.4075
     169     -10.4851
     170     -13.5720
     171     -15.3755
     172     -15.3926
     173      -2.4807
     174      -3.8334
     175     -15.8132
     176     -12.3195
     177      -9.5989
     178      -1.1105
     179      -8.7548
     180      -6.3566
     181      -2.8635
     182     -16.8728
     183      -8.4819
     184      -1.4401
     185      -4.1027
     186     -11.0171
     187     -22.3894
     188     -12.8379
     189     -27.5464
     190     -18.1839
     191     -25.0412
     192     -16.9837
     193     -12.2294
     194      -1.3880
     195     -16.7863
     196     -19.4475
     197      -6.2616
     198      -4.0446
     199      -1.6938
     200       1.6252
