#Frame      Dih_00069
       1      26.9113
       2      34.4984
       3      31.3970
       4      32.8094
       5      20.2034
       6      19.3690
       7       2.0637
       8      22.7728
       9      25.9732
      10      24.1191
      11      20.3840
      12      19.5820
      13      17.2820
      14      22.3071
      15      30.2021
      16      39.9829
      17      30.9437
      18      40.2252
      19      24.6221
      20      24.1566
      21      25.0495
      22      30.5392
      23      18.7333
      24      26.8126
      25      30.4279
      26      30.2570
      27      16.9903
      28      29.0433
      29      26.5709
      30      29.6288
      31      27.8210
      32      22.4521
      33      36.0823
      34      29.5592
      35      31.6188
      36      34.2636
      37      32.8265
      38      26.8656
      39      35.2515
      40      31.2786
      41      33.8392
      42      40.5302
      43      36.7432
      44      29.4467
      45      20.0056
      46      23.1938
      47      28.2726
      48      31.6161
      49      36.7907
      50      36.1377
      51      33.3965
      52      33.7289
      53      32.9625
      54      32.0496
      55      24.9926
      56      38.1758
      57      37.1743
      58      24.2341
      59      34.0965
      60      25.3920
      61      25.7047
      62      36.5039
      63      41.9366
      64      34.0880
      65      30.3769
      66      42.2094
      67      31.7824
      68      34.6657
      69      28.6845
      70      28.6443
      71      32.5326
      72      33.7591
      73      30.6337
      74      26.2870
      75      16.7022
      76      21.5404
      77      24.7561
      78      26.8657
      79      33.7298
      80      26.5325
      81      28.1362
      82      34.1552
      83      26.8622
      84      24.1406
      85      24.7542
      86      29.2304
      87      23.1662
      88      31.4237
      89      37.6886
      90      32.2643
      91      20.9665
      92      31.5377
      93      37.5164
      94      19.1598
      95      32.3340
      96      38.7297
      97      26.0810
      98      30.4258
      99      36.4452
     100      30.1577
     101      28.1550
     102      34.6619
     103      37.5686
     104      32.9506
     105      38.5315
     106      32.1349
     107      33.6903
     108      27.0612
     109      35.4946
     110      26.7918
     111      31.2398
     112      33.2015
     113      38.1219
     114      24.9375
     115      11.9467
     116      26.5459
     117      14.6039
     118      37.9464
     119      34.1097
     120      36.3129
     121      41.0564
     122      36.2497
     123      34.3444
     124      35.8151
     125      27.0694
     126      36.8786
     127      35.3108
     128      33.7542
     129      30.4553
     130      35.3821
     131      31.5542
     132      41.0150
     133      39.4304
     134      43.2955
     135      24.4680
     136      31.4230
     137      20.5751
     138      28.9170
     139      25.1340
     140      33.6535
     141      21.8280
     142      17.9107
     143      25.0795
     144      26.1465
     145      20.2738
     146      27.5109
     147      36.2036
     148      27.1070
     149      24.4666
     150      26.7186
     151      32.6236
     152      36.5917
     153      32.5394
     154      22.2852
     155      36.4045
     156      31.5996
     157      35.6762
     158      26.2702
     159      29.4870
     160      28.5645
     161      30.3401
     162      37.2144
     163      35.3369
     164      39.7260
     165      42.4671
     166      41.4643
     167      39.9123
     168      33.6282
     169      34.7065
     170      34.7580
     171      37.4156
     172      39.2752
     173      31.5896
     174      31.8357
     175      33.2302
     176      32.8528
     177      30.9262
     178      27.1365
     179      34.9681
     180      30.1814
     181      27.4821
     182      36.1841
     183      32.0563
     184      25.3820
     185      27.5432
     186      30.1992
     187      39.6600
     188      29.4496
     189      42.8608
     190      35.7635
     191      38.4189
     192      39.8466
     193      32.7322
     194      21.8482
     195      35.4160
     196      38.8015
     197      28.8969
     198      29.1373
     199      26.5097
     200      26.8819
