#Frame      Dih_00068
       1     -39.9626
       2     -41.7668
       3     -42.5242
       4     -41.5306
       5     -39.6013
       6     -33.6304
       7     -25.4968
       8     -33.9988
       9     -43.0772
      10     -35.7015
      11     -37.3228
      12     -38.6463
      13     -33.4572
      14     -36.2686
      15     -42.8160
      16     -39.3190
      17     -34.6866
      18     -43.1154
      19     -33.9214
      20     -40.7738
      21     -40.6359
      22     -39.7804
      23     -37.9144
      24     -39.6007
      25     -33.6636
      26     -40.5464
      27     -36.8137
      28     -43.4435
      29     -40.4914
      30     -40.3334
      31     -39.2394
      32     -34.1554
      33     -33.6776
      34     -48.6644
      35     -42.2315
      36     -44.1148
      37     -37.2734
      38     -32.2787
      39     -46.4164
      40     -36.4222
      41     -41.6888
      42     -45.4376
      43     -33.5820
      44     -40.4857
      45     -34.0137
      46     -33.6947
      47     -35.1133
      48     -35.3088
      49     -35.0658
      50     -33.4540
      51     -31.1935
      52     -33.9113
      53     -41.6873
      54     -41.1841
      55     -40.8095
      56     -46.2198
      57     -47.7010
      58     -31.9466
      59     -42.7855
      60     -38.4934
      61     -35.9607
      62     -40.7795
      63     -45.2811
      64     -38.7518
      65     -39.7166
      66     -40.3805
      67     -38.3268
      68     -40.1858
      69     -38.9769
      70     -40.0114
      71     -41.9034
      72     -44.0362
      73     -35.9893
      74     -41.6835
      75     -30.6297
      76     -32.0126
      77     -40.0202
      78     -40.9882
      79     -41.6599
      80     -40.6076
      81     -43.1067
      82     -44.6884
      83     -42.1494
      84     -39.1340
      85     -38.9687
      86     -39.7708
      87     -38.1507
      88     -43.1271
      89     -43.6539
      90     -40.5975
      91     -36.6182
      92     -38.5219
      93     -46.0407
      94     -34.1266
      95     -38.5466
      96     -45.1350
      97     -29.3868
      98     -34.1574
      99     -42.2278
     100     -40.1218
     101     -37.1945
     102     -41.5586
     103     -43.7117
     104     -38.5056
     105     -41.3396
     106     -40.0335
     107     -39.9438
     108     -36.3210
     109     -44.4597
     110     -33.7664
     111     -36.3869
     112     -40.6348
     113     -41.6373
     114     -33.9495
     115     -25.6616
     116     -38.2407
     117     -35.7784
     118     -42.2579
     119     -39.2408
     120     -40.2648
     121     -51.2353
     122     -38.7007
     123     -40.1252
     124     -44.7147
     125     -34.7782
     126     -43.9026
     127     -42.7247
     128     -41.5653
     129     -41.5855
     130     -39.6351
     131     -35.1410
     132     -41.2065
     133     -35.7616
     134     -45.6184
     135     -45.1825
     136     -40.1698
     137     -31.8931
     138     -40.0981
     139     -39.5859
     140     -44.1940
     141     -31.7793
     142     -31.5706
     143     -39.4847
     144     -39.9606
     145     -30.2495
     146     -30.7043
     147     -47.4093
     148     -40.7638
     149     -40.9738
     150     -37.4885
     151     -40.8493
     152     -44.1013
     153     -36.4722
     154     -34.1940
     155     -45.5036
     156     -43.3673
     157     -47.8764
     158     -38.4754
     159     -40.2946
     160     -40.2068
     161     -36.8902
     162     -40.7392
     163     -44.6201
     164     -45.5584
     165     -46.9254
     166     -46.8085
     167     -46.5941
     168     -42.0892
     169     -44.9942
     170     -40.8757
     171     -43.9236
     172     -46.2781
     173     -44.1279
     174     -44.6719
     175     -36.4348
     176     -41.7601
     177     -37.0086
     178     -41.6098
     179     -43.7791
     180     -39.6137
     181     -38.9714
     182     -40.8814
     183     -41.6279
     184     -36.9669
     185     -39.8408
     186     -37.2030
     187     -40.5132
     188     -33.7844
     189     -42.3668
     190     -39.9879
     191     -35.3159
     192     -43.0719
     193     -40.2777
     194     -32.9482
     195     -42.6991
     196     -44.0591
     197     -39.0078
     198     -41.6351
     199     -41.1253
     200     -43.4635
