#Frame      Dih_00066
       1     -23.2923
       2     -11.6930
       3     -20.2603
       4     -12.9304
       5     -32.9427
       6     -26.7889
       7     -38.8510
       8     -21.0106
       9     -30.3675
      10     -22.0315
      11     -26.3349
      12     -33.6084
      13     -34.9718
      14     -25.5599
      15     -20.8390
      16      -0.6045
      17     -10.0733
      18      -9.5567
      19     -17.7974
      20     -27.5485
      21     -25.4018
      22     -13.8530
      23     -29.8451
      24     -24.0851
      25      -6.5995
      26     -19.2011
      27     -34.9473
      28     -23.2620
      29     -25.7269
      30     -18.7689
      31     -23.1728
      32     -20.3636
      33       3.4926
      34     -29.5176
      35     -20.2798
      36     -16.7276
      37      -9.8573
      38     -12.0300
      39     -17.4556
      40     -11.1793
      41     -17.5967
      42      -6.5445
      43       3.4433
      44     -18.4339
      45     -26.3001
      46     -20.6892
      47      -9.3863
      48      -7.7510
      49      -1.3900
      50       3.5785
      51       2.9512
      52      -1.9015
      53     -14.5865
      54     -20.9892
      55     -29.6861
      56     -15.7272
      57     -17.1129
      58     -13.5132
      59     -19.4199
      60     -25.4580
      61     -18.5942
      62      -4.2422
      63      -8.0940
      64     -10.8697
      65     -18.6133
      66       4.6813
      67     -13.2428
      68     -14.0663
      69     -14.3074
      70     -19.4958
      71     -13.2820
      72     -17.9598
      73     -12.2315
      74     -23.9080
      75     -23.3642
      76     -21.6735
      77     -28.0445
      78     -24.8843
      79     -10.0017
      80     -22.1854
      81     -27.6692
      82     -22.1304
      83     -31.6372
      84     -27.7911
      85     -23.7327
      86     -20.5191
      87     -24.8774
      88     -23.0233
      89     -12.8361
      90     -14.2724
      91     -27.5739
      92     -16.0494
      93     -19.2622
      94     -28.2172
      95     -12.7493
      96     -12.8060
      97      -6.8435
      98      -7.6016
      99     -10.4102
     100     -20.0915
     101     -19.1112
     102     -13.8058
     103     -12.6817
     104     -13.0507
     105      -9.1654
     106     -14.1597
     107     -14.4754
     108     -19.4082
     109     -15.0424
     110     -13.2333
     111     -10.2407
     112     -14.9940
     113      -7.2275
     114     -15.0668
     115     -24.7931
     116     -22.3469
     117     -34.7435
     118      -6.3016
     119     -12.5085
     120      -5.3067
     121     -12.7413
     122      -7.4997
     123      -9.7449
     124     -21.3823
     125     -17.0078
     126     -13.1969
     127     -15.7068
     128     -13.6124
     129     -17.6901
     130      -7.9649
     131      -7.9929
     132      -5.9843
     133       3.4874
     134      -8.8269
     135     -34.8617
     136     -18.6779
     137     -18.9059
     138     -23.0919
     139     -27.6579
     140     -17.8530
     141     -18.9024
     142     -24.9019
     143     -27.2936
     144     -22.9628
     145     -16.9954
     146      -8.2521
     147     -17.7132
     148     -24.2392
     149     -30.1901
     150     -21.1392
     151     -14.8736
     152      -8.3848
     153      -5.7687
     154     -24.6385
     155     -21.1401
     156     -20.5919
     157     -20.7769
     158     -23.4997
     159     -19.6930
     160     -22.8671
     161     -15.8955
     162      -6.5589
     163     -22.7717
     164     -14.9507
     165     -10.3596
     166     -11.3810
     167     -14.1581
     168     -16.3684
     169     -18.6734
     170     -13.3945
     171     -13.0842
     172     -15.1517
     173     -27.1355
     174     -25.0581
     175      -7.9936
     176     -13.3265
     177     -15.2312
     178     -25.7518
     179     -19.9444
     180     -19.4013
     181     -22.8581
     182      -9.5343
     183     -18.1050
     184     -22.4971
     185     -20.9729
     186     -14.3099
     187      -4.4355
     188      -9.0108
     189       0.4773
     190      -7.3749
     191       2.3364
     192     -10.1714
     193     -13.9209
     194     -20.1404
     195     -11.5435
     196      -8.6353
     197     -20.1391
     198     -22.0349
     199     -24.1618
     200     -28.4613
