#Frame      Dih_00067
       1      39.9175
       2      34.7698
       3      37.5845
       4      34.8899
       5      45.8903
       6      36.8223
       7      38.1718
       8      35.1509
       9      45.4762
      10      35.8051
      11      40.0147
      12      43.9194
      13      41.6747
      14      39.6868
      15      38.4552
      16      25.7782
      17      28.8181
      18      33.7897
      19      33.7739
      20      42.6741
      21      41.9168
      22      34.4365
      23      41.1157
      24      40.4685
      25      26.6070
      26      36.0454
      27      43.9297
      28      42.9506
      29      41.4770
      30      37.1582
      31      37.7916
      32      34.9193
      33      20.9080
      34      45.3433
      35      38.1131
      36      38.4274
      37      30.5072
      38      28.5472
      39      39.2456
      40      30.3424
      41      37.7186
      42      33.7394
      43      19.3891
      44      36.2920
      45      37.0466
      46      34.3353
      47      28.4889
      48      27.2184
      49      24.2891
      50      20.3226
      51      17.3201
      52      23.6661
      53      36.5895
      54      40.1332
      55      44.7008
      56      37.7315
      57      42.3715
      58      29.4717
      59      39.1981
      60      40.8072
      61      34.7597
      62      29.0694
      63      34.0338
      64      31.5613
      65      36.8333
      66      24.2151
      67      32.8016
      68      33.7677
      69      34.0857
      70      36.1380
      71      34.2284
      72      40.0697
      73      30.0929
      74      39.5743
      75      33.1198
      76      33.3270
      77      41.9495
      78      41.7532
      79      35.0161
      80      37.9695
      81      44.2595
      82      42.1904
      83      46.3828
      84      41.0420
      85      39.7414
      86      37.8677
      87      42.6528
      88      40.6213
      89      35.0325
      90      34.2149
      91      38.5831
      92      33.9447
      93      43.1552
      94      42.2348
      95      32.0474
      96      34.7220
      97      22.3877
      98      26.0332
      99      34.0878
     100      39.5523
     101      37.6567
     102      33.3742
     103      37.3629
     104      33.6781
     105      30.9963
     106      34.0407
     107      34.4336
     108      34.3284
     109      37.5139
     110      28.8834
     111      28.9581
     112      34.8943
     113      29.8417
     114      31.9277
     115      31.2233
     116      38.0308
     117      45.7194
     118      30.2622
     119      32.0788
     120      30.4347
     121      37.5826
     122      29.6756
     123      33.3160
     124      42.5563
     125      34.2759
     126      34.7637
     127      35.5813
     128      33.7830
     129      36.7242
     130      30.8776
     131      28.3133
     132      31.0700
     133      20.8212
     134      37.3020
     135      48.6832
     136      36.9115
     137      31.8148
     138      39.1856
     139      43.4963
     140      38.6324
     141      32.0116
     142      33.3768
     143      38.3093
     144      38.3434
     145      29.2704
     146      25.0418
     147      41.6147
     148      42.4091
     149      44.7606
     150      36.5437
     151      36.3540
     152      31.7352
     153      27.4906
     154      35.5895
     155      41.7262
     156      37.8352
     157      44.9208
     158      37.4279
     159      33.7992
     160      39.6250
     161      32.9349
     162      29.2601
     163      44.1569
     164      39.9215
     165      36.5883
     166      37.0089
     167      37.4995
     168      36.4927
     169      39.9878
     170      34.5232
     171      39.2244
     172      39.7752
     173      45.1869
     174      43.1882
     175      28.6468
     176      35.1201
     177      32.6744
     178      40.7762
     179      39.0620
     180      38.3542
     181      38.8713
     182      32.0070
     183      37.6581
     184      35.3310
     185      37.4083
     186      35.0641
     187      29.7773
     188      26.9920
     189      26.3012
     190      29.6575
     191      21.9876
     192      31.0444
     193      32.4964
     194      34.2472
     195      35.9708
     196      34.4568
     197      37.6730
     198      40.5071
     199      40.0886
     200      43.4525
