#Frame      Dih_00075
       1      45.4186
       2      27.6189
       3      37.4331
       4      44.3687
       5      38.1092
       6      32.1725
       7      41.5670
       8      41.3893
       9      36.8640
      10      32.0385
      11      33.4838
      12      37.5003
      13      42.5646
      14      40.9785
      15      39.4243
      16      33.3907
      17      35.9903
      18      30.7043
      19      22.8167
      20      28.9840
      21      19.4721
      22      22.5879
      23      25.8981
      24      26.2035
      25      21.5653
      26      36.2571
      27      38.0756
      28      37.1235
      29      25.8173
      30      39.0871
      31      33.2069
      32      21.4159
      33      28.0562
      34      16.5882
      35      19.4382
      36      28.5545
      37      29.6330
      38      35.9414
      39      28.1444
      40      30.5563
      41      38.5664
      42      18.8240
      43      25.3380
      44      26.2517
      45      31.4913
      46      38.1406
      47      30.1211
      48      23.6961
      49      33.8124
      50      36.0332
      51      22.8820
      52      20.7226
      53      23.7763
      54      14.3008
      55      10.0762
      56      35.8246
      57      31.6844
      58      41.2598
      59      40.9467
      60      26.7179
      61      43.4447
      62      30.2249
      63      34.0245
      64      20.0555
      65      26.7520
      66      33.8764
      67      16.9036
      68      30.9682
      69      26.9283
      70      30.0266
      71      26.2833
      72      30.3036
      73      39.7120
      74      35.6528
      75      37.4590
      76      30.2932
      77      24.1670
      78      24.5790
      79      26.4624
      80      36.5034
      81      30.6619
      82      26.5185
      83      30.7801
      84      33.9471
      85      35.4759
      86      33.4467
      87      28.5774
      88      35.3270
      89      26.0517
      90      39.0093
      91      26.7368
      92      28.8469
      93      39.9251
      94      35.4522
      95      31.2663
      96      25.1673
      97      32.9133
      98      44.5427
      99      21.9762
     100      29.1740
     101      34.1549
     102      31.0563
     103      35.8026
     104      35.9979
     105      36.3833
     106      34.2077
     107      34.9349
     108      41.3831
     109      32.6904
     110      34.8885
     111      40.2957
     112      36.2149
     113      25.3998
     114      36.9138
     115      37.9927
     116      24.6690
     117      38.5650
     118      29.6435
     119      36.6130
     120      38.8479
     121      47.5623
     122      46.1993
     123      38.1533
     124      32.4589
     125      27.0967
     126      22.6685
     127      26.2312
     128      24.7263
     129      26.6685
     130      39.3637
     131      35.5677
     132      37.5559
     133      26.2575
     134      35.7340
     135      34.6211
     136      33.9010
     137      24.5203
     138      34.4903
     139      29.7156
     140      26.6433
     141      27.4746
     142      32.3465
     143      44.1967
     144      28.0505
     145      39.2017
     146      39.0181
     147      20.7696
     148      29.9510
     149      32.3738
     150      25.6433
     151      21.5465
     152      29.6530
     153      30.5003
     154      19.3377
     155      34.9524
     156      30.6344
     157      41.0011
     158      34.3802
     159      39.7766
     160      37.9035
     161      30.0144
     162      29.4886
     163      19.5298
     164      29.4898
     165      31.4274
     166      26.0549
     167      36.5814
     168      38.6539
     169      28.8308
     170      12.4579
     171      35.2202
     172      37.5630
     173      30.0015
     174      31.8815
     175      38.5471
     176      23.8145
     177      22.8991
     178      33.3793
     179      34.6239
     180      33.5446
     181      31.7812
     182      31.0589
     183      25.8932
     184      28.5288
     185      37.7463
     186      29.6034
     187      36.2598
     188      33.5190
     189      29.5584
     190      45.3333
     191      38.5688
     192      29.3438
     193      18.4001
     194      36.9785
     195      36.4837
     196      35.6787
     197      16.7295
     198      26.9652
     199      32.3746
     200      26.8301
