#Frame      Dih_00073
       1       5.2314
       2       3.0320
       3      14.8561
       4      29.1363
       5      15.5588
       6       4.2255
       7      27.7270
       8      18.4049
       9      19.9301
      10      24.7169
      11      25.2624
      12      26.3136
      13      14.2971
      14      13.0432
      15       9.7778
      16      32.1074
      17      34.4675
      18      23.5057
      19      36.6120
      20      38.4268
      21      36.3338
      22      33.1151
      23      35.8681
      24      32.2408
      25      18.7499
      26      26.0839
      27      32.1829
      28      30.4131
      29      18.7996
      30      36.5848
      31      31.1829
      32      26.1431
      33      25.2494
      34      14.9104
      35      28.3237
      36      31.1902
      37      28.8127
      38      32.0606
      39      37.7434
      40      19.8415
      41      28.2939
      42      42.6361
      43      32.9365
      44      38.7612
      45      36.7761
      46      25.7508
      47      37.7289
      48      31.9249
      49      33.2125
      50      25.5174
      51      20.8164
      52      30.1257
      53      33.7833
      54      34.6048
      55      35.3127
      56      36.3773
      57      27.8414
      58      31.6220
      59      36.3728
      60      29.1118
      61      42.1513
      62      38.1145
      63      38.6018
      64      30.1829
      65      39.1713
      66      38.6633
      67      35.1544
      68      36.1287
      69      38.3918
      70      37.1524
      71      34.5585
      72      35.0053
      73      41.8006
      74      29.8040
      75      27.7534
      76      25.7776
      77      34.7242
      78      38.3271
      79      33.9708
      80      28.3652
      81      31.7748
      82      38.8297
      83      34.4573
      84      28.2263
      85      32.1854
      86      37.6773
      87      29.9606
      88      27.8329
      89      36.5053
      90      45.0465
      91      34.8396
      92      34.0806
      93      19.3115
      94      28.5608
      95      32.0918
      96      30.2528
      97      32.9195
      98      36.1208
      99      26.7559
     100      36.7827
     101      31.9440
     102      36.2866
     103      37.6411
     104      32.3460
     105      27.9542
     106      28.8348
     107      33.8660
     108      38.3238
     109      35.0167
     110      38.4602
     111      32.1625
     112      34.0348
     113      29.4805
     114      36.1566
     115      34.6288
     116      25.3114
     117      30.6303
     118      27.1055
     119      34.6714
     120      28.0332
     121      20.1600
     122      36.3654
     123      25.3345
     124      29.2005
     125      42.8192
     126      32.0432
     127      41.6956
     128      41.9593
     129      20.9530
     130      33.6072
     131      18.0800
     132      42.0414
     133      28.4009
     134      26.2548
     135      29.5002
     136      36.8991
     137      31.1634
     138      39.0168
     139      31.8216
     140      31.1183
     141      33.6061
     142      31.9404
     143      33.3518
     144      29.7638
     145      36.5953
     146      35.9998
     147      24.8607
     148      41.1984
     149      28.4035
     150      34.4748
     151      43.8609
     152      35.8840
     153      35.2437
     154      31.5240
     155      30.9353
     156      29.9119
     157      29.3733
     158      38.0480
     159      35.8200
     160      32.7109
     161      35.9410
     162      39.9166
     163      37.5548
     164      38.7435
     165      34.9297
     166      30.4004
     167      35.4143
     168      36.1441
     169      29.2344
     170      40.6601
     171      34.4703
     172      37.8930
     173      35.9752
     174      34.8404
     175      34.0709
     176      37.5258
     177      43.1943
     178      43.8239
     179      32.3753
     180      29.3146
     181      18.7764
     182      42.9982
     183      30.7225
     184      33.1193
     185      40.6317
     186      27.5189
     187      25.8464
     188      43.3679
     189      34.6002
     190      36.3752
     191      41.8009
     192      37.7758
     193      35.4704
     194      42.3965
     195      35.4145
     196      46.0953
     197      35.4310
     198      29.8151
     199      20.6713
     200      19.7006
