#Frame      Dih_00072
       1      20.2312
       2      13.3331
       3       5.2049
       4      -4.1975
       5       5.7335
       6      16.3300
       7      -5.7292
       8       4.2536
       9       2.7341
      10      -7.1235
      11      -5.8197
      12      -8.3860
      13       9.6794
      14      10.3830
      15      13.1391
      16     -11.9323
      17     -16.9498
      18      -6.2842
      19     -23.1374
      20     -24.9826
      21     -24.4465
      22     -18.0167
      23     -23.4586
      24     -18.7044
      25      -7.9789
      26      -8.3690
      27      -8.8263
      28     -10.2134
      29      -5.8459
      30     -13.6689
      31     -11.5586
      32     -13.8099
      33     -11.9334
      34      -5.9696
      35     -18.8384
      36     -16.9488
      37     -10.2749
      38     -12.3601
      39     -23.3788
      40      -1.4269
      41      -9.0794
      42     -32.3239
      43     -19.6171
      44     -24.4761
      45     -19.7041
      46      -5.1670
      47     -21.6868
      48     -18.6997
      49     -16.2652
      50      -5.9722
      51      -8.8313
      52     -18.5016
      53     -22.5569
      54     -27.9526
      55     -31.2871
      56     -20.5092
      57     -10.3029
      58      -7.6989
      59     -15.6471
      60     -14.1728
      61     -18.8474
      62     -24.1497
      63     -20.4341
      64     -18.9906
      65     -27.8694
      66     -18.8511
      67     -26.7701
      68     -20.4364
      69     -22.5854
      70     -19.2782
      71     -20.1946
      72     -18.4763
      73     -18.9483
      74      -9.5938
      75      -6.1742
      76      -9.6147
      77     -22.3288
      78     -25.4517
      79     -17.4184
      80      -9.4236
      81     -15.2755
      82     -23.5091
      83     -17.9575
      84     -10.3009
      85     -13.2337
      86     -19.8536
      87     -14.5556
      88      -7.3772
      89     -24.4278
      90     -23.8912
      91     -21.1935
      92     -17.5650
      93       2.5767
      94      -9.0642
      95     -14.3407
      96     -17.6443
      97     -15.0344
      98     -13.0248
      99     -13.9834
     100     -21.5782
     101     -13.2859
     102     -20.7544
     103     -17.6264
     104     -10.9842
     105      -8.7493
     106     -10.2426
     107     -14.8665
     108     -17.1936
     109     -17.5055
     110     -17.8037
     111     -11.3791
     112     -13.5579
     113     -16.1692
     114     -15.0254
     115     -14.9617
     116     -12.3834
     117      -8.8307
     118     -11.2434
     119     -13.6705
     120      -7.2660
     121       6.2383
     122     -10.0959
     123      -3.0989
     124     -11.7528
     125     -29.8145
     126     -19.7901
     127     -30.9667
     128     -28.2690
     129      -6.2892
     130     -13.6440
     131       2.1882
     132     -23.4322
     133     -12.9740
     134      -5.8563
     135     -11.0782
     136     -17.1610
     137     -19.0503
     138     -19.7744
     139     -15.7868
     140     -17.4953
     141     -19.5728
     142     -15.7704
     143     -10.7314
     144     -13.4964
     145     -14.4209
     146     -15.6403
     147     -12.5273
     148     -23.7596
     149     -11.2260
     150     -21.3849
     151     -32.4234
     152     -20.2474
     153     -17.8483
     154     -22.5230
     155     -12.4620
     156     -14.0899
     157      -5.8597
     158     -18.1156
     159     -12.4945
     160     -11.2359
     161     -21.6272
     162     -25.4838
     163     -27.9589
     164     -23.1307
     165     -17.3786
     166     -18.0315
     167     -16.7680
     168     -14.7389
     169     -12.5295
     170     -36.0847
     171     -16.1861
     172     -19.1345
     173     -18.9094
     174     -18.6519
     175     -12.9143
     176     -25.4347
     177     -30.3173
     178     -24.5563
     179     -12.2803
     180     -11.3046
     181      -0.5637
     182     -28.3699
     183     -17.2533
     184     -16.8706
     185     -20.9125
     186     -11.1023
     187      -6.5571
     188     -26.3597
     189     -17.3890
     190     -11.9035
     191     -19.6800
     192     -23.7317
     193     -26.4833
     194     -21.9539
     195     -13.6062
     196     -29.4326
     197     -25.8327
     198     -16.7083
     199      -3.8724
     200      -3.6066
