#Frame      Dih_00071
       1     -41.6921
       2     -24.5030
       3     -26.2003
       4     -26.4336
       5     -26.5506
       6     -31.7755
       7     -20.8212
       8     -27.8199
       9     -26.5911
      10     -15.2769
      11     -17.2373
      12     -17.4935
      13     -31.3797
      14     -32.2218
      15     -32.2313
      16     -15.0944
      17     -10.7194
      18     -15.2979
      19       1.2619
      20      -2.1751
      21       2.6812
      22      -3.4383
      23      -1.1962
      24      -4.3255
      25      -8.2937
      26     -16.1453
      27     -18.7547
      28     -17.0797
      29     -11.8657
      30     -15.8909
      31     -13.0697
      32      -5.1269
      33      -9.6084
      34      -6.7288
      35       0.1885
      36      -6.6497
      37     -12.7380
      38     -15.2654
      39      -2.4247
      40     -19.1721
      41     -17.9941
      42       8.2810
      43      -4.5110
      44      -0.8688
      45      -7.6484
      46     -21.0438
      47      -5.3168
      48      -2.8100
      49     -10.0796
      50     -19.5906
      51      -7.9979
      52      -1.5545
      53      -0.3616
      54       9.1585
      55      13.3326
      56      -7.5506
      57     -13.3650
      58     -21.4029
      59     -15.6431
      60      -7.4764
      61     -14.0930
      62      -4.5787
      63      -9.2390
      64      -0.5945
      65       0.7321
      66     -10.5989
      67       6.7114
      68      -5.3695
      69      -3.0185
      70      -6.1849
      71      -3.1651
      72      -7.2703
      73     -12.4530
      74     -17.3494
      75     -19.9363
      76     -11.8269
      77      -0.6774
      78       0.8871
      79      -4.8924
      80     -16.5308
      81      -9.9602
      82      -2.2714
      83      -7.1369
      84     -14.8143
      85     -13.6789
      86      -8.2405
      87      -9.5833
      88     -17.5335
      89      -1.0349
      90      -9.4770
      91      -3.0346
      92      -6.8062
      93     -25.9956
      94     -16.5500
      95     -11.7882
      96      -3.9209
      97     -10.9085
      98     -20.0897
      99      -4.6750
     100      -4.3130
     101     -12.3703
     102      -5.3623
     103     -11.1002
     104     -16.2845
     105     -17.6295
     106     -14.8246
     107     -12.4432
     108     -14.6468
     109      -8.9605
     110     -10.5272
     111     -17.7803
     112     -14.1555
     113      -5.2454
     114     -12.9903
     115     -14.6122
     116      -7.4513
     117     -18.5592
     118     -12.2342
     119     -15.0812
     120     -17.7746
     121     -35.1475
     122     -23.4158
     123     -22.0566
     124     -12.3598
     125       1.6807
     126      -0.9459
     127       2.7398
     128       2.0098
     129     -12.5522
     130     -14.3748
     131     -24.2901
     132      -8.8019
     133      -7.9076
     134     -17.6404
     135     -13.8499
     136     -10.2965
     137      -3.0120
     138      -8.4650
     139      -7.8971
     140      -6.2820
     141      -4.3914
     142     -11.3163
     143     -20.7672
     144      -8.6591
     145     -15.4817
     146     -15.0292
     147      -6.1603
     148      -4.2692
     149     -13.3799
     150      -2.7356
     151       5.9141
     152      -5.7187
     153      -8.5115
     154       1.6403
     155     -12.4787
     156     -10.2301
     157     -21.8242
     158     -10.9699
     159     -19.0669
     160     -16.8510
     161      -4.0995
     162      -1.8181
     163       4.9913
     164      -3.9176
     165      -9.3393
     166      -3.9963
     167     -11.5718
     168     -15.5216
     169     -10.6791
     170      14.4795
     171     -10.9638
     172     -11.1222
     173      -7.5005
     174      -8.1890
     175     -16.3063
     176       1.6413
     177       4.8360
     178      -6.1688
     179     -13.9580
     180     -14.0624
     181     -19.6193
     182      -1.4322
     183      -4.8812
     184      -8.2952
     185     -10.7111
     186     -10.9255
     187     -18.0581
     188      -3.2001
     189      -8.3574
     190     -21.3393
     191     -11.2866
     192      -3.4657
     193       4.6280
     194      -8.2882
     195     -15.2701
     196      -3.5041
     197       6.6053
     198      -5.5344
     199     -17.9900
     200     -15.0724
