#Frame      Dih_00074
       1     -30.3927
       2     -17.5565
       3     -32.5023
       4     -46.2279
       5     -33.2432
       6     -22.4914
       7     -42.5478
       8     -33.8457
       9     -33.6478
      10     -35.6450
      11     -35.9894
      12     -42.5612
      13     -32.2309
      14     -34.7345
      15     -28.1098
      16     -40.2670
      17     -43.0968
      18     -32.4242
      19     -35.9773
      20     -43.1332
      21     -37.4733
      22     -34.4404
      23     -37.4434
      24     -34.9853
      25     -23.7557
      26     -39.3814
      27     -44.2390
      28     -39.4185
      29     -28.3654
      30     -47.7285
      31     -38.2974
      32     -30.1054
      33     -33.4175
      34     -18.3173
      35     -28.9796
      36     -38.0134
      37     -36.6044
      38     -40.8707
      39     -41.3698
      40     -31.7949
      41     -38.4283
      42     -37.3111
      43     -37.0382
      44     -38.8263
      45     -41.0724
      46     -38.8048
      47     -41.2116
      48     -34.3816
      49     -41.6714
      50     -38.0445
      51     -27.8571
      52     -31.3482
      53     -36.1508
      54     -31.8354
      55     -29.5040
      56     -47.9532
      57     -35.8008
      58     -46.7337
      59     -45.7124
      60     -32.4022
      61     -52.9399
      62     -43.8721
      63     -43.4548
      64     -29.1567
      65     -41.8148
      66     -44.4659
      67     -30.9115
      68     -43.5110
      69     -40.7817
      70     -39.5962
      71     -39.3218
      72     -38.5846
      73     -49.0101
      74     -42.0445
      75     -41.0385
      76     -34.6117
      77     -39.0393
      78     -41.2607
      79     -36.8287
      80     -40.3967
      81     -38.0329
      82     -40.4790
      83     -40.1654
      84     -37.6464
      85     -40.5224
      86     -43.7273
      87     -36.7535
      88     -39.3870
      89     -38.4857
      90     -50.7913
      91     -36.7230
      92     -39.2221
      93     -34.4164
      94     -39.0799
      95     -38.9501
      96     -34.7935
      97     -41.1445
      98     -46.5050
      99     -32.1612
     100     -40.6959
     101     -38.5173
     102     -44.9260
     103     -45.3377
     104     -40.5434
     105     -39.8569
     106     -38.6074
     107     -41.5701
     108     -50.7405
     109     -41.5369
     110     -45.3966
     111     -44.3186
     112     -43.3721
     113     -32.5497
     114     -43.9229
     115     -45.2485
     116     -30.0612
     117     -42.4129
     118     -35.3627
     119     -44.7188
     120     -40.0366
     121     -40.3986
     122     -49.6741
     123     -39.2303
     124     -40.5711
     125     -43.2730
     126     -35.7775
     127     -43.0763
     128     -43.4611
     129     -30.4181
     130     -42.9452
     131     -32.7792
     132     -49.7582
     133     -33.9656
     134     -39.4597
     135     -40.7628
     136     -43.6302
     137     -35.9089
     138     -44.8165
     139     -35.9434
     140     -35.7848
     141     -39.5855
     142     -39.5580
     143     -50.2063
     144     -35.5682
     145     -44.9606
     146     -45.4576
     147     -27.8155
     148     -41.0743
     149     -37.4001
     150     -36.9756
     151     -41.4235
     152     -41.5742
     153     -39.4393
     154     -31.7170
     155     -39.9502
     156     -35.7587
     157     -42.6016
     158     -42.4867
     159     -45.8509
     160     -46.1888
     161     -39.2241
     162     -43.4498
     163     -37.4521
     164     -41.0829
     165     -39.4343
     166     -35.7617
     167     -44.3709
     168     -43.8982
     169     -37.8683
     170     -33.5108
     171     -41.5820
     172     -45.8147
     173     -42.7974
     174     -40.3958
     175     -41.4126
     176     -40.6300
     177     -40.9710
     178     -47.5928
     179     -42.2916
     180     -36.9329
     181     -30.1091
     182     -47.4078
     183     -36.0889
     184     -36.7964
     185     -48.6564
     186     -34.6238
     187     -36.3812
     188     -47.2134
     189     -40.0674
     190     -49.5001
     191     -47.2745
     192     -43.0465
     193     -32.9919
     194     -48.5891
     195     -44.9550
     196     -50.7101
     197     -33.2997
     198     -35.2950
     199     -30.7463
     200     -27.8147
