#Frame      Dih_00079
       1     -39.6713
       2     -34.1115
       3     -44.0035
       4     -33.1607
       5     -28.8410
       6     -34.9046
       7     -35.1754
       8     -31.5574
       9     -31.4621
      10     -42.8165
      11     -36.6991
      12     -13.5297
      13     -21.7028
      14     -27.4515
      15     -23.9469
      16     -33.8053
      17     -38.0132
      18     -31.6825
      19     -31.1947
      20     -36.6412
      21     -20.8996
      22      -7.9881
      23     -24.2570
      24     -39.7723
      25     -40.9046
      26     -26.2320
      27     -18.8024
      28     -18.0501
      29     -26.8926
      30     -28.9777
      31     -27.4392
      32     -36.9396
      33     -35.0770
      34     -28.4601
      35     -23.7718
      36     -33.1833
      37     -25.6901
      38     -30.4368
      39     -23.0289
      40     -24.6317
      41     -37.1543
      42     -33.5383
      43     -41.8418
      44     -24.9593
      45     -37.4374
      46     -23.3064
      47     -28.3885
      48     -29.7404
      49     -29.4900
      50     -30.8013
      51     -27.3319
      52     -37.2521
      53     -39.9713
      54     -32.0523
      55     -39.4729
      56     -28.6561
      57     -18.9396
      58     -31.9781
      59     -27.3304
      60     -38.1872
      61     -44.9876
      62     -36.9361
      63     -31.2505
      64     -33.6551
      65     -30.3624
      66     -45.5627
      67     -37.5893
      68     -36.8322
      69     -33.9237
      70     -38.2519
      71     -39.1270
      72     -44.8314
      73     -42.4253
      74     -47.0917
      75     -35.9152
      76     -38.5184
      77     -38.6418
      78     -33.3109
      79     -37.8789
      80     -44.1806
      81     -41.2156
      82     -33.9804
      83     -35.7098
      84     -46.3971
      85     -39.4458
      86     -36.4584
      87     -37.2264
      88     -37.8166
      89     -42.1790
      90     -35.3757
      91     -31.7052
      92     -39.6870
      93     -32.1055
      94     -34.3856
      95     -10.8864
      96     -15.4408
      97      -0.3024
      98     -26.5004
      99     -26.9325
     100     -23.9519
     101      -1.6031
     102      10.4703
     103      24.6136
     104      11.7969
     105      10.8659
     106      18.0426
     107      17.5017
     108      26.0728
     109      13.6505
     110      33.1552
     111      20.2956
     112      20.6366
     113      20.2104
     114       7.3184
     115      33.5979
     116      20.6975
     117      30.6733
     118      29.8230
     119      29.4729
     120      25.5892
     121      26.0575
     122      24.5232
     123      27.8643
     124      24.1128
     125      27.1567
     126       4.2049
     127      33.2759
     128      25.9360
     129      23.8066
     130      21.5913
     131      24.0599
     132      22.4645
     133      21.2172
     134      29.3694
     135      13.7876
     136      12.8327
     137      10.8972
     138      13.8888
     139      23.9658
     140      13.2433
     141      18.8934
     142      25.4058
     143      28.5121
     144      34.0441
     145      35.2363
     146      25.5089
     147      31.4280
     148      31.2215
     149      12.7065
     150      23.5976
     151      24.7217
     152      30.5622
     153      24.6148
     154      29.3421
     155      19.0248
     156      30.3705
     157      19.5508
     158      25.6258
     159      22.0374
     160      26.4365
     161      11.0474
     162      18.6233
     163      22.8603
     164      26.0409
     165      18.2234
     166      18.0133
     167      14.3463
     168      23.7138
     169      25.5423
     170      12.4227
     171      31.2223
     172      11.0388
     173       7.7018
     174      16.9014
     175      19.4957
     176      29.3987
     177      29.4775
     178      21.4036
     179      30.1026
     180      26.0570
     181      19.2526
     182      28.9963
     183      20.4853
     184      27.0554
     185      15.3357
     186      19.6473
     187       9.9860
     188      15.7304
     189      22.3547
     190      17.5591
     191      13.0693
     192      15.1391
     193      25.4686
     194      20.0602
     195      17.7541
     196      23.2425
     197      13.3138
     198      14.7190
     199      -3.7551
     200       1.8518
