#Frame      Dih_00076
       1     -17.7445
       2     -28.8666
       3     -17.2953
       4      -1.5971
       5     -13.9188
       6     -21.2815
       7       5.0506
       8     -10.4289
       9      -9.8896
      10     -15.1974
      11     -14.4500
      12     -36.3819
      13     -34.1024
      14     -27.5223
      15     -17.3205
      16     -17.9290
      17     -12.2566
      18       2.5740
      19      -9.7881
      20     -13.1699
      21     -14.3651
      22     -25.7039
      23     -20.1305
      24     -24.2459
      25      -9.4396
      26       1.5059
      27       1.4498
      28       3.5975
      29      10.1490
      30      -8.1072
      31     -18.0196
      32     -16.4613
      33     -20.8376
      34     -17.4734
      35     -24.4494
      36     -15.6342
      37       0.3920
      38      -9.0512
      39      -4.7098
      40       4.4872
      41      -0.5622
      42      -1.3501
      43       4.4345
      44       4.5915
      45     -11.2983
      46     -12.6643
      47     -32.6970
      48     -25.4231
      49     -17.3652
      50     -26.3060
      51     -21.5930
      52     -16.1687
      53     -22.2259
      54     -11.9932
      55     -14.6061
      56     -23.5409
      57     -22.9068
      58     -33.4748
      59     -30.6672
      60      -8.0660
      61     -17.6963
      62     -30.5591
      63     -17.8890
      64      -1.2550
      65      -8.2714
      66     -11.5711
      67      -9.4330
      68      -6.4646
      69       0.6020
      70       8.7041
      71      -0.6507
      72     -16.8609
      73     -18.4051
      74     -12.9206
      75     -13.3868
      76     -20.9647
      77     -20.3270
      78     -12.6860
      79     -24.0656
      80     -30.6707
      81     -10.6346
      82       0.0015
      83       1.3307
      84       5.5797
      85     -15.4889
      86     -21.6330
      87     -12.2894
      88     -14.9437
      89       3.8431
      90       0.8711
      91      -0.8220
      92      -4.3161
      93     -12.5988
      94     -17.8744
      95     -34.1650
      96     -29.6217
      97     -26.0672
      98     -29.2045
      99     -25.0897
     100     -25.7453
     101     -23.5261
     102     -25.4548
     103     -16.1155
     104     -28.1130
     105     -17.7851
     106     -27.8869
     107     -26.6100
     108      -5.0041
     109     -19.3379
     110     -13.7420
     111     -13.8865
     112     -14.5387
     113     -21.5790
     114     -18.1274
     115      -6.2131
     116     -29.7423
     117      -9.7635
     118     -20.8622
     119      -3.3488
     120     -15.3484
     121     -16.7432
     122     -22.7480
     123     -14.3247
     124     -17.8662
     125     -18.8613
     126     -19.0346
     127     -14.8684
     128      -5.6922
     129      -7.6575
     130     -12.0810
     131     -16.1217
     132     -12.6240
     133     -21.6040
     134     -23.1548
     135     -21.9795
     136     -16.0384
     137     -30.7490
     138     -22.1668
     139     -14.7032
     140     -24.1695
     141     -21.9058
     142      -4.7449
     143      -9.8762
     144      -2.3454
     145       3.2987
     146     -15.1794
     147       3.6252
     148     -13.4963
     149     -24.7895
     150     -25.4390
     151     -28.6672
     152     -16.5855
     153     -12.3894
     154     -15.5801
     155     -24.2489
     156     -16.1730
     157     -25.0129
     158     -10.4561
     159     -13.8044
     160     -13.0129
     161     -35.0715
     162     -25.0783
     163     -19.0071
     164     -17.5442
     165     -26.5501
     166      -9.5694
     167     -22.0387
     168     -20.8185
     169     -14.2266
     170     -23.5957
     171      -8.0791
     172     -33.2120
     173     -35.8572
     174     -23.9147
     175     -18.5813
     176     -12.0143
     177     -17.0443
     178     -15.1576
     179     -13.3721
     180     -22.5413
     181     -25.0845
     182      -4.7387
     183     -19.2133
     184     -21.9794
     185     -28.4749
     186     -37.7727
     187     -25.6130
     188     -30.4520
     189     -16.7658
     190     -22.7611
     191     -23.5989
     192     -20.3941
     193     -26.9683
     194     -27.0558
     195     -18.1413
     196     -12.1710
     197     -34.4736
     198     -24.9190
     199     -34.9635
     200     -35.7769
