#Frame      Dih_00080
       1      36.5864
       2      42.2764
       3      38.8590
       4      23.3412
       5      27.5233
       6      36.9296
       7      20.0213
       8      25.9405
       9      26.9786
      10      35.1768
      11      31.8710
      12      33.7005
      13      34.3964
      14      34.2645
      15      27.7666
      16      34.6726
      17      32.5910
      18      18.2601
      19      26.7023
      20      31.3469
      21      20.8845
      22      21.1094
      23      28.7490
      24      42.3307
      25      31.4926
      26      15.7063
      27      11.7942
      28       9.1792
      29      11.3169
      30      23.4497
      31      28.3379
      32      35.5353
      33      34.7337
      34      30.2030
      35      31.4806
      36      32.0554
      37      15.9008
      38      26.2422
      39      18.6123
      40      13.6783
      41      23.6476
      42      23.2857
      43      23.6355
      44      12.6396
      45      31.9638
      46      22.6438
      47      40.9123
      48      36.3660
      49      29.2779
      50      36.2160
      51      31.5357
      52      35.3169
      53      39.8859
      54      29.7426
      55      35.2081
      56      32.4327
      57      28.0299
      58      40.9831
      59      35.8439
      60      30.6454
      61      41.4045
      62      44.0248
      63      30.8625
      64      22.7512
      65      26.1884
      66      36.1665
      67      31.7078
      68      28.6287
      69      22.0924
      70      17.9681
      71      25.8713
      72      41.0040
      73      39.3304
      74      39.1946
      75      32.0679
      76      37.7896
      77      37.2569
      78      29.9870
      79      39.1028
      80      47.2643
      81      34.8071
      82      22.0519
      83      22.1005
      84      26.3919
      85      35.6570
      86      37.2684
      87      31.7851
      88      33.1065
      89      23.2910
      90      22.0270
      91      21.4404
      92      29.0081
      93      29.9659
      94      35.7234
      95      26.4109
      96      28.1525
      97      17.2632
      98      35.4649
      99      33.2528
     100      31.9493
     101      15.1925
     102       8.8102
     103      -5.8592
     104      10.5300
     105       4.6240
     106       6.5283
     107       5.6871
     108     -13.4842
     109       3.3618
     110     -13.5215
     111      -4.3731
     112      -3.5938
     113       0.6781
     114       7.1594
     115     -17.0746
     116       4.4121
     117     -13.3636
     118      -6.5289
     119     -17.9028
     120      -6.9203
     121      -6.4344
     122      -0.4269
     123      -9.4089
     124      -4.4644
     125      -5.0383
     126       9.0834
     127     -11.4714
     128     -13.7902
     129     -11.0022
     130      -5.8855
     131      -5.3587
     132      -6.5822
     133       0.5956
     134      -3.9337
     135       4.8009
     136       1.8006
     137      11.5608
     138       5.0673
     139      -6.0191
     140       5.9700
     141       1.3887
     142     -13.6779
     143     -12.0684
     144     -19.5652
     145     -24.7070
     146      -7.3784
     147     -21.9429
     148     -11.4020
     149       6.7911
     150       0.7221
     151       2.2757
     152      -8.5720
     153      -8.3709
     154      -9.4165
     155       2.9107
     156      -8.7010
     157       3.1594
     158      -9.9726
     159      -6.2020
     160      -8.1082
     161      14.9422
     162       4.4444
     163      -2.3576
     164      -6.3786
     165       4.7573
     166      -5.4098
     167       4.1807
     168      -1.4112
     169      -7.4332
     170       6.5984
     171     -15.2766
     172      13.5644
     173      16.9601
     174       4.9994
     175      -1.0460
     176     -11.4320
     177      -9.0057
     178      -4.5772
     179     -11.0814
     180      -2.0537
     181       3.1302
     182     -15.8994
     183      -0.2185
     184      -3.2182
     185       8.0976
     186      12.3640
     187       8.9950
     188       8.6684
     189      -4.0934
     190       3.7938
     191       6.3145
     192       2.5967
     193      -0.1886
     194       4.9486
     195       0.9825
     196      -7.4743
     197      11.6558
     198       5.9849
     199      26.1653
     200      22.4108
