#Frame      Dih_00078
       1      28.7802
       2      17.5376
       3      32.5018
       4      32.4360
       5      21.6528
       6      21.6669
       7      35.4392
       8      24.7239
       9      25.2450
      10      31.6519
      11      27.1330
      12      -6.8154
      13       1.7066
      14      11.5831
      15      13.2807
      16      24.6278
      17      27.4723
      18      30.3302
      19      23.8573
      20      25.9425
      21      11.8546
      22      -6.8065
      23      13.1985
      24      24.2640
      25      32.8457
      26      26.4366
      27      18.4372
      28      19.2072
      29      30.4109
      30      20.5471
      31      16.4337
      32      27.0481
      33      22.9419
      34      17.0329
      35      10.4389
      36      24.1283
      37      23.4120
      38      25.2629
      39      21.6345
      40      27.2956
      41      34.2745
      42      32.1369
      43      42.8510
      44      26.8443
      45      30.6952
      46      16.0475
      47      10.1720
      48      15.0566
      49      19.1850
      50      14.1722
      51      14.6331
      52      25.6394
      53      24.9492
      54      26.0892
      55      29.8874
      56      12.7494
      57       5.6041
      58      12.4314
      59       7.6234
      60      34.0134
      61      32.8621
      62      19.0899
      63      20.1406
      64      29.9374
      65      28.0443
      66      39.1728
      67      30.8277
      68      35.1886
      69      36.8825
      70      40.6681
      71      38.7098
      72      33.1574
      73      28.4980
      74      38.8666
      75      29.0444
      76      25.1785
      77      25.8605
      78      25.7973
      79      24.6764
      80      25.1351
      81      36.8104
      82      32.1619
      83      35.0699
      84      50.2606
      85      29.7430
      86      25.2559
      87      30.1977
      88      27.4630
      89      42.8011
      90      35.7105
      91      30.1237
      92      35.3210
      93      23.2753
      94      22.7082
      95      -8.3765
      96      -3.1378
      97     -15.1605
      98       8.9433
      99      13.3373
     100       8.9427
     101     -11.3246
     102     -24.7719
     103     -33.1143
     104     -27.7789
     105     -20.2085
     106     -33.2556
     107     -31.0774
     108     -28.4037
     109     -24.7413
     110     -39.2245
     111     -27.6668
     112     -27.1661
     113     -32.1584
     114     -17.9031
     115     -35.8109
     116     -37.1593
     117     -34.1241
     118     -37.5180
     119     -31.9435
     120     -33.2687
     121     -32.0312
     122     -37.4310
     123     -36.3370
     124     -31.5065
     125     -41.4669
     126     -14.7733
     127     -38.0361
     128     -28.8771
     129     -27.0570
     130     -26.0343
     131     -32.7738
     132     -28.1653
     133     -32.3238
     134     -42.4717
     135     -26.8416
     136     -20.2330
     137     -28.1485
     138     -26.2783
     139     -33.9288
     140     -24.1597
     141     -28.1401
     142     -27.8711
     143     -31.6491
     144     -32.8731
     145     -31.4223
     146     -32.2890
     147     -27.5831
     148     -38.5720
     149     -26.7274
     150     -35.0877
     151     -38.7014
     152     -38.7202
     153     -30.0342
     154     -35.4708
     155     -30.0288
     156     -38.8268
     157     -33.8377
     158     -29.1249
     159     -31.4132
     160     -33.3098
     161     -28.9442
     162     -32.1303
     163     -31.7411
     164     -33.4445
     165     -34.1522
     166     -21.1016
     167     -25.5260
     168     -34.6463
     169     -30.7419
     170     -25.8209
     171     -36.6804
     172     -29.0820
     173     -27.2780
     174     -29.2884
     175     -28.6304
     176     -35.1460
     177     -37.5797
     178     -27.2738
     179     -36.7221
     180     -36.3487
     181     -31.2248
     182     -31.9828
     183     -28.3284
     184     -39.5300
     185     -32.2236
     186     -39.6435
     187     -23.7920
     188     -29.9759
     189     -32.0744
     190     -31.5662
     191     -25.6241
     192     -25.7301
     193     -37.1855
     194     -34.6121
     195     -28.7780
     196     -28.6032
     197     -31.8497
     198     -27.9343
     199     -16.5699
     200     -22.3112
