#Frame      Dih_00077
       1      -9.0849
       2       6.1663
       3     -11.7280
       4     -20.7602
       5      -6.1103
       6      -1.7512
       7     -27.3294
       8      -9.9648
       9     -10.6460
      10     -12.0083
      11      -9.1743
      12      23.7456
      13      18.8063
      14       9.1775
      15       0.9686
      16      -6.3889
      17     -11.2607
      18     -21.7407
      19     -10.5913
      20      -8.7540
      21       1.0027
      22      19.2083
      23       2.9428
      24      -2.3869
      25     -15.0670
      26     -18.1266
      27     -12.9320
      28     -15.7253
      29     -26.6632
      30      -9.3906
      31      -0.6099
      32      -8.5121
      33      -1.3189
      34      -0.9558
      35       6.3269
      36      -5.7435
      37     -15.3152
      38     -12.2113
      39     -11.2579
      40     -21.2545
      41     -23.2007
      42     -20.7164
      43     -32.0902
      44     -19.2248
      45     -14.2001
      46      -3.0439
      47      11.7331
      48       4.3510
      49      -1.8294
      50       6.1778
      51       3.5263
      52      -8.2909
      53      -3.1320
      54      -9.6427
      55     -10.7837
      56       4.9456
      57      10.0984
      58      10.2930
      59      12.8050
      60     -17.8203
      61     -11.3499
      62       5.0568
      63      -2.2671
      64     -20.0159
      65     -14.1750
      66     -17.4460
      67     -16.9047
      68     -18.8668
      69     -24.2093
      70     -33.3283
      71     -24.5188
      72     -12.3907
      73      -9.0680
      74     -17.1332
      75     -10.7680
      76      -4.5966
      77      -5.9494
      78      -9.3776
      79      -1.2617
      80       1.7329
      81     -19.0145
      82     -20.9150
      83     -23.3993
      84     -35.7815
      85     -10.9105
      86      -3.7819
      87     -12.9204
      88     -10.0929
      89     -31.4619
      90     -23.4751
      91     -19.7691
      92     -20.9723
      93      -8.8338
      94      -4.8491
      95      25.8476
      96      20.1945
      97      24.9147
      98      11.5400
      99       5.6896
     100       9.0314
     101      22.7232
     102      32.1664
     103      31.1492
     104      34.7533
     105      23.9866
     106      37.5878
     107      35.9933
     108      21.4479
     109      28.0634
     110      34.2035
     111      26.2513
     112      26.3827
     113      33.6830
     114      21.0694
     115      26.4048
     116      43.1528
     117      27.9433
     118      38.4388
     119      23.5251
     120      30.9023
     121      30.8127
     122      38.3962
     123      32.6686
     124      30.8981
     125      38.9141
     126      21.5710
     127      34.5307
     128      22.4586
     129      22.9937
     130      23.7930
     131      31.7608
     132      26.5503
     133      32.8573
     134      40.6647
     135      30.4518
     136      22.2122
     137      36.5628
     138      29.3165
     139      31.6047
     140      30.7916
     141      32.2787
     142      21.1081
     143      26.2917
     144      24.0481
     145      18.5549
     146      31.5771
     147      16.4643
     148      33.3075
     149      33.9674
     150      38.2755
     151      41.0141
     152      35.1497
     153      26.8637
     154      32.1265
     155      35.0694
     156      34.0182
     157      37.2548
     158      25.5466
     159      28.4234
     160      28.9486
     161      40.9403
     162      35.2490
     163      31.8997
     164      32.4394
     165      38.5440
     166      20.4050
     167      29.4415
     168      36.2899
     169      27.4343
     170      31.2080
     171      26.7076
     172      37.9328
     173      37.8715
     174      34.0525
     175      29.2232
     176      29.6311
     177      34.0616
     178      28.2021
     179      33.1879
     180      37.1348
     181      36.3882
     182      24.0714
     183      29.6605
     184      40.6944
     185      36.2206
     186      48.2044
     187      32.3673
     188      38.0909
     189      29.8537
     190      32.8608
     191      30.7213
     192      31.1435
     193      38.4155
     194      37.7845
     195      31.3212
     196      25.8698
     197      41.5563
     198      32.9752
     199      32.6253
     200      34.6381
