#Frame      Dih_00083
       1      26.3078
       2      17.0605
       3      16.9081
       4      31.8756
       5      36.1774
       6      28.3364
       7      26.1660
       8      25.8928
       9      30.7194
      10      31.3775
      11      28.3213
      12      27.3274
      13      24.9427
      14      21.7759
      15      30.7168
      16      35.6013
      17      27.0715
      18      19.2940
      19      19.4635
      20      17.2622
      21      22.8766
      22      20.6014
      23      12.9026
      24      25.3427
      25      22.2728
      26      19.1533
      27      14.6736
      28       8.2087
      29       1.6002
      30       0.2482
      31       1.1734
      32       4.9623
      33      13.1667
      34      12.6911
      35      22.5718
      36      19.9164
      37      23.1379
      38      31.5940
      39      30.3475
      40      31.8480
      41      28.3563
      42      39.9575
      43      33.1602
      44      25.4660
      45      14.3292
      46      29.3243
      47      28.7978
      48       8.3939
      49      20.6585
      50      33.1644
      51      14.2861
      52      19.6132
      53      30.4762
      54      30.2096
      55      10.6257
      56      37.4630
      57      40.7807
      58      15.8765
      59      19.4074
      60       1.2365
      61       8.7019
      62      10.8112
      63      -6.9431
      64       8.3671
      65       2.8239
      66      22.0663
      67      27.7147
      68      35.7479
      69      26.2060
      70      40.3485
      71      38.9056
      72      25.0490
      73      35.5240
      74      26.8582
      75      26.4401
      76      38.6886
      77      30.2506
      78      28.1639
      79      41.6242
      80      31.3332
      81      34.9403
      82      23.0887
      83      14.0723
      84     -15.3741
      85     -12.9181
      86     -16.9691
      87     -19.9841
      88     -26.4744
      89     -18.1849
      90     -13.7891
      91     -20.4492
      92     -19.8515
      93     -21.5686
      94     -22.1321
      95     -27.9291
      96     -39.2419
      97     -14.3527
      98      -4.7860
      99     -10.1644
     100     -15.4235
     101     -10.1450
     102     -21.6172
     103      -8.6782
     104      -6.2568
     105      18.5329
     106      24.4754
     107      28.5732
     108       3.8438
     109      18.9383
     110      33.5764
     111      15.3051
     112       2.8069
     113      26.2043
     114      17.1796
     115       8.1789
     116      -0.0849
     117      15.8050
     118      12.4064
     119      -5.6268
     120     -15.9415
     121       5.9938
     122       3.5486
     123       6.7733
     124      -9.2035
     125     -20.3005
     126       0.4422
     127       3.3402
     128       0.2099
     129      -6.9324
     130      -0.5814
     131       3.6977
     132      -3.2180
     133       9.0774
     134      18.2206
     135       3.5508
     136      -6.1617
     137     -13.2857
     138     -26.1940
     139     -10.3594
     140     -11.4991
     141     -14.8336
     142      -9.6814
     143     -11.2661
     144     -10.5803
     145     -12.3660
     146      -4.5150
     147      -3.4479
     148       0.7874
     149       5.0504
     150      -4.9533
     151       6.9437
     152      -6.8368
     153      -8.7564
     154     -12.6384
     155     -23.0498
     156      -3.5899
     157     -17.0383
     158      -0.4265
     159       9.7332
     160      24.0436
     161     -14.9917
     162     -17.0856
     163     -27.5838
     164     -19.6022
     165       8.7525
     166      24.2801
     167      27.9076
     168      22.0223
     169      12.1997
     170      19.0592
     171      16.4365
     172      -6.6779
     173     -16.4975
     174     -25.9327
     175      -1.9219
     176     -28.1793
     177     -22.9134
     178     -29.4374
     179     -30.9833
     180     -25.3459
     181     -25.9569
     182      -4.4632
     183     -21.2125
     184     -39.2725
     185     -17.6651
     186     -18.2393
     187     -29.6105
     188     -17.4001
     189     -20.3269
     190     -30.6347
     191     -24.6189
     192     -32.5482
     193     -32.5400
     194     -32.8107
     195     -28.0785
     196     -38.4391
     197     -29.7203
     198     -30.5038
     199     -37.9191
     200     -28.1291
