#Frame      Dih_00085
       1      22.8444
       2      19.9352
       3      16.1198
       4      26.7548
       5      20.0466
       6      21.9273
       7      17.4896
       8      13.4267
       9      16.8496
      10      18.3749
      11      27.2199
      12      26.5253
      13      35.5094
      14      15.8691
      15      34.1727
      16      18.0780
      17      14.2190
      18       7.6989
      19      13.4427
      20      16.8332
      21      16.7527
      22      27.8451
      23      14.2227
      24      30.7958
      25      19.8995
      26      28.2614
      27      33.9846
      28      30.4452
      29      23.4482
      30      36.8460
      31      19.2689
      32       8.5156
      33      33.1828
      34      17.9527
      35      29.1957
      36      33.5352
      37      32.3410
      38      23.7132
      39      30.4654
      40      31.2220
      41      29.8670
      42      34.7993
      43      21.8309
      44      31.8670
      45      29.6331
      46      27.0100
      47      32.0729
      48      19.4720
      49      12.6736
      50      15.4600
      51      20.6347
      52      14.1640
      53      24.1309
      54      37.6249
      55       8.4936
      56       8.0795
      57      17.3951
      58      16.1649
      59      36.6387
      60       7.5700
      61      20.2453
      62      21.5621
      63       7.9600
      64      26.4021
      65      21.9168
      66      37.0119
      67      27.3330
      68      28.3854
      69      11.2752
      70      20.2795
      71       9.3164
      72      18.8322
      73      21.7230
      74      22.0188
      75      27.9984
      76      29.9604
      77      22.3259
      78      18.3742
      79      20.1173
      80      22.2259
      81      26.3834
      82      27.7060
      83      16.0417
      84       9.7007
      85      21.0477
      86       5.9532
      87      13.8602
      88       9.1685
      89       0.3943
      90      11.1044
      91      -5.3145
      92       9.1338
      93       4.2633
      94      -4.4765
      95       8.7719
      96      -6.3949
      97       3.6506
      98      20.2639
      99      -0.9078
     100       7.7442
     101      10.3290
     102       4.1279
     103      11.4439
     104       7.8734
     105      27.0970
     106      29.7364
     107      40.6396
     108      29.9429
     109      32.5027
     110      46.5239
     111      31.1915
     112      42.5259
     113      47.5524
     114      36.7052
     115      45.1046
     116      29.7348
     117      34.8330
     118      36.7856
     119      41.4676
     120      25.9342
     121      42.9900
     122      32.8131
     123      39.2547
     124      25.0254
     125      31.4662
     126      33.3831
     127      42.2908
     128      37.6198
     129      39.3633
     130      35.7062
     131      45.2141
     132      34.0451
     133      42.9793
     134      51.5601
     135      22.3006
     136      26.1238
     137      23.5468
     138      31.2797
     139      28.7621
     140      36.3908
     141      33.7168
     142      29.5459
     143      24.4818
     144      30.6001
     145      34.4007
     146      41.1739
     147      24.2709
     148      34.9887
     149      34.6242
     150      25.7599
     151      29.6890
     152      12.2678
     153      27.2628
     154      19.1128
     155      35.4004
     156      38.4199
     157      19.1447
     158      42.2165
     159      34.0538
     160      47.7946
     161      30.6892
     162      25.2349
     163      24.0510
     164       2.4025
     165      34.2847
     166      27.5866
     167      19.3895
     168      22.6438
     169      25.0357
     170      46.4231
     171      29.4116
     172      26.1553
     173      34.5582
     174      14.1663
     175      37.1373
     176       2.1727
     177      22.7816
     178      10.8141
     179       3.8351
     180      23.2548
     181      21.7303
     182      18.3788
     183       4.8671
     184      -9.0050
     185      -0.7839
     186      -5.4509
     187       3.4015
     188      -2.3636
     189      -2.6147
     190      -2.4984
     191      16.3863
     192       6.4385
     193       6.7497
     194      15.3242
     195      21.8649
     196       9.7077
     197      29.4930
     198      28.4622
     199      12.7553
     200      11.2503
