#Frame      Dih_00082
       1     -14.6773
       2      -6.0691
       3      -8.0221
       4     -19.4611
       5     -23.9814
       6     -16.1305
       7     -18.8328
       8     -18.7623
       9     -23.7728
      10     -23.2261
      11     -10.7565
      12     -15.1063
      13      -6.1790
      14     -12.6592
      15     -14.4960
      16     -29.4384
      17     -19.1116
      18     -15.2310
      19     -11.9311
      20      -8.5059
      21     -13.9350
      22      -5.5586
      23      -5.1341
      24     -10.3575
      25     -11.0495
      26      -4.2525
      27       5.0940
      28       9.1344
      29      12.4148
      30      23.2695
      31      10.7124
      32      -0.2231
      33       6.3030
      34      -3.7080
      35      -6.4990
      36      -0.6272
      37      -5.3774
      38     -19.6839
      39     -13.8996
      40     -14.4538
      41     -11.9957
      42     -23.3250
      43     -21.8517
      44      -7.9115
      45       3.1980
      46     -14.4457
      47     -12.1041
      48       2.3780
      49     -14.2120
      50     -24.9159
      51      -2.6089
      52     -11.8722
      53     -16.7978
      54      -9.9294
      55      -6.3969
      56     -36.5227
      57     -30.3337
      58      -6.9584
      59       0.6399
      60       3.0150
      61       3.5380
      62       1.2639
      63      11.6460
      64       6.9490
      65       9.6635
      66      -1.3541
      67     -11.4527
      68     -22.2241
      69     -19.8451
      70     -31.2678
      71     -35.3006
      72     -15.3322
      73     -22.9115
      74     -13.5354
      75     -11.4373
      76     -23.5177
      77     -18.8057
      78     -17.5039
      79     -31.2000
      80     -20.0810
      81     -18.5780
      82      -8.4859
      83      -5.3052
      84      21.9534
      85      25.3536
      86      21.4926
      87      29.7151
      88      32.6578
      89      18.7269
      90      21.6217
      91      19.4281
      92      26.0318
      93      24.6951
      94      21.5836
      95      32.3048
      96      35.1741
      97      17.8449
      98      17.1408
      99      10.1314
     100      21.1173
     101      16.5687
     102      25.2101
     103      16.0223
     104      10.9996
     105      -3.3543
     106      -9.3091
     107      -5.5408
     108      12.5213
     109      -0.3237
     110      -7.8154
     111       2.6632
     112      23.2589
     113       0.4343
     114       5.2990
     115      19.0890
     116      17.2493
     117       7.3126
     118       7.3436
     119      27.4799
     120      32.6773
     121      18.5434
     122      14.1540
     123      16.5034
     124      25.4530
     125      36.3681
     126      20.4308
     127      21.4521
     128      23.3173
     129      29.3473
     130      21.7069
     131      21.3469
     132      23.6503
     133      15.7629
     134      10.5374
     135       9.2383
     136      22.1919
     137      27.9617
     138      44.9181
     139      29.6402
     140      32.4338
     141      36.4978
     142      27.3756
     143      26.1973
     144      28.5406
     145      32.6660
     146      27.1152
     147      16.9543
     148      21.1493
     149      15.3173
     150      19.7557
     151      11.1353
     152      14.1671
     153      26.0763
     154      23.6410
     155      42.9014
     156      27.1360
     157      28.9754
     158      25.8723
     159      11.0591
     160       1.8066
     161      31.9198
     162      33.8886
     163      43.2001
     164      20.6081
     165       9.0518
     166      -8.4540
     167     -18.4506
     168     -11.5522
     169       2.6161
     170       7.3556
     171      -0.2986
     172      22.9890
     173      38.6515
     174      32.9717
     175      24.3283
     176      31.5907
     177      35.9600
     178      37.8928
     179      36.8011
     180      38.2238
     181      40.8362
     182      16.9657
     183      23.4403
     184      34.5097
     185      18.6367
     186      16.2944
     187      31.6726
     188      16.9925
     189      20.7859
     190      32.2264
     191      36.2611
     192      37.0115
     193      39.4791
     194      43.1254
     195      39.2218
     196      45.2856
     197      47.0552
     198      46.7627
     199      47.1167
     200      36.1456
