#Frame      Dih_00084
       1     -29.8529
       2     -21.9514
       3     -20.4605
       4     -37.2637
       5     -36.1713
       6     -31.4567
       7     -26.0758
       8     -24.6267
       9     -30.8507
      10     -30.7831
      11     -33.9106
      12     -33.1160
      13     -37.7353
      14     -23.4106
      15     -39.0801
      16     -33.7020
      17     -26.5814
      18     -16.4646
      19     -20.0935
      20     -20.6681
      21     -23.7830
      22     -28.9149
      23     -16.9178
      24     -33.7044
      25     -25.4467
      26     -29.8428
      27     -29.6635
      28     -22.0856
      29     -14.7863
      30     -22.9092
      31     -12.0078
      32      -8.2210
      33     -29.0118
      34     -18.6385
      35     -31.2167
      36     -32.3336
      37     -33.3282
      38     -35.6606
      39     -37.0043
      40     -37.3305
      41     -35.6481
      42     -46.4365
      43     -34.9801
      44     -33.6282
      45     -26.4039
      46     -37.2619
      47     -36.0823
      48     -16.1658
      49     -21.9381
      50     -30.5602
      51     -20.6578
      52     -21.5882
      53     -35.5106
      54     -40.2170
      55     -11.9370
      56     -28.7424
      57     -34.9721
      58     -19.3965
      59     -32.3406
      60      -5.4091
      61     -18.8112
      62     -20.1173
      63      -0.1050
      64     -20.5720
      65     -15.2093
      66     -33.0750
      67     -33.1322
      68     -40.3551
      69     -23.3777
      70     -38.4089
      71     -30.5985
      72     -28.1188
      73     -33.8260
      74     -30.1827
      75     -33.9944
      76     -40.5360
      77     -33.1682
      78     -30.3576
      79     -36.9387
      80     -33.0515
      81     -39.9738
      82     -31.8965
      83     -18.4431
      84       4.0472
      85      -3.9466
      86       7.1962
      87       5.3609
      88      11.6727
      89      11.4723
      90       2.3793
      91      16.2961
      92       7.7653
      93      12.0467
      94      17.0930
      95      12.8243
      96      28.8738
      97       7.0334
      98      -8.5531
      99       7.1567
     100       5.5206
     101       0.7784
     102      11.3384
     103      -1.0155
     104      -0.5221
     105     -27.4161
     106     -32.8366
     107     -39.2683
     108     -20.1597
     109     -31.4905
     110     -44.6799
     111     -28.8210
     112     -26.7451
     113     -42.4679
     114     -33.1951
     115     -33.2982
     116     -18.3181
     117     -31.4036
     118     -30.3586
     119     -19.2832
     120      -5.4464
     121     -29.4379
     122     -20.9490
     123     -26.6121
     124      -8.6505
     125      -4.9993
     126     -20.3297
     127     -27.4753
     128     -22.6371
     129     -18.0678
     130     -20.7874
     131     -28.3931
     132     -18.4999
     133     -31.1125
     134     -43.0703
     135     -16.1945
     136     -11.1722
     137      -4.9610
     138      -2.7076
     139     -10.5965
     140     -13.8975
     141      -8.5359
     142     -10.8117
     143      -7.6035
     144     -11.9659
     145     -11.0499
     146     -20.4092
     147     -11.6655
     148     -22.0655
     149     -23.1326
     150     -12.3937
     151     -22.3048
     152      -2.7605
     153     -10.6030
     154      -2.9861
     155      -4.1259
     156     -21.2185
     157      -0.8215
     158     -24.0344
     159     -26.0559
     160     -45.3468
     161      -7.5720
     162      -3.4809
     163       4.1753
     164      11.8917
     165     -23.8297
     166     -32.6446
     167     -30.8722
     168     -28.1294
     169     -23.0913
     170     -39.7399
     171     -26.5706
     172     -10.8318
     173      -8.9539
     174       7.5631
     175     -21.5158
     176      16.9394
     177       1.3329
     178      12.8124
     179      19.0490
     180       2.8173
     181       4.1455
     182      -8.0107
     183       9.9985
     184      30.5351
     185      12.2954
     186      14.8204
     187      17.7030
     188      12.7457
     189      15.3588
     190      22.4568
     191       6.4769
     192      16.7183
     193      19.1071
     194      11.7926
     195       5.2059
     196      19.4078
     197       1.2467
     198       2.4628
     199      18.6738
     200      10.9244
