#Frame      Dih_00081
       1      -5.5392
       2      -8.7635
       3      -5.3495
       4      -3.6038
       5       2.8733
       6      -3.8673
       7       1.0628
       8       3.6286
       9       4.5458
      10       3.2682
      11     -10.9099
      12      -5.9855
      13     -17.4883
      14      -2.0874
      15     -11.6333
      16       6.9638
      17       3.5749
      18       4.3349
      19      -0.9862
      20      -5.1054
      21      -1.8719
      22     -14.0202
      23      -5.7244
      24     -12.0128
      25      -5.4301
      26     -14.9017
      27     -25.2962
      28     -24.2844
      29     -22.1499
      30     -39.0124
      31     -19.3001
      32      -5.3760
      33     -24.7215
      34      -8.2661
      35     -14.1782
      36     -22.1709
      37     -16.7797
      38      -2.4919
      39     -10.0112
      40     -11.3693
      41     -10.9472
      42      -6.1262
      43       0.5337
      44     -15.3552
      45     -20.4171
      46      -8.7318
      47     -11.7995
      48     -13.7542
      49       1.1299
      50       6.0541
      51     -10.9281
      52      -1.0802
      53      -4.5212
      54     -17.5547
      55      -1.2545
      56      16.5427
      57       7.9922
      58      -5.4939
      59     -23.8355
      60      -6.7521
      61     -14.6923
      62     -14.0121
      63     -12.0679
      64     -21.0488
      65     -19.1836
      66     -24.5635
      67      -8.9063
      68      -3.4924
      69       5.0450
      70       7.3912
      71      16.6947
      72      -1.2500
      73       0.7919
      74      -5.8785
      75     -10.2938
      76      -3.8183
      77      -1.9244
      78      -0.5063
      79       6.5023
      80      -1.0728
      81      -6.2091
      82     -11.7979
      83      -6.4202
      84     -19.4821
      85     -30.9096
      86     -16.6274
      87     -28.3000
      88     -26.6995
      89     -11.3223
      90     -21.4250
      91      -8.7059
      92     -22.4470
      93     -19.1249
      94     -10.2337
      95     -26.5266
      96     -19.2870
      97     -12.6631
      98     -24.7024
      99      -5.6280
     100     -17.1255
     101     -17.8216
     102     -17.7017
     103     -17.3266
     104     -12.1876
     105     -15.1503
     106     -11.9282
     107     -22.4405
     108     -25.8255
     109     -20.7306
     110     -23.9892
     111     -21.4451
     112     -41.3834
     113     -30.0783
     114     -27.5578
     115     -42.6419
     116     -28.0112
     117     -28.3952
     118     -27.6396
     119     -44.0416
     120     -35.7607
     121     -40.5600
     122     -29.0272
     123     -35.5151
     124     -32.1346
     125     -42.7166
     126     -33.4973
     127     -38.4977
     128     -37.9152
     129     -43.7226
     130     -34.8595
     131     -41.6794
     132     -36.7389
     133     -36.2077
     134     -39.9079
     135     -19.5563
     136     -30.6430
     137     -34.4657
     138     -50.2353
     139     -35.1034
     140     -43.3873
     141     -44.1904
     142     -36.5390
     143     -30.3796
     144     -38.8801
     145     -42.3608
     146     -41.4643
     147     -26.0697
     148     -35.2260
     149     -31.6336
     150     -28.5854
     151     -26.0803
     152     -16.6825
     153     -33.5743
     154     -25.1750
     155     -51.1843
     156     -38.7565
     157     -31.8246
     158     -42.5164
     159     -30.1504
     160     -29.7163
     161     -41.2169
     162     -36.2052
     163     -42.4720
     164     -15.8803
     165     -26.1054
     166     -12.0123
     167      -0.3163
     168      -7.2314
     169     -18.2833
     170     -33.9235
     171     -18.3816
     172     -30.5638
     173     -46.9342
     174     -29.7393
     175     -39.3005
     176     -20.2401
     177     -37.9947
     178     -30.8186
     179     -24.1817
     180     -39.9259
     181     -37.9972
     182     -22.1909
     183     -18.0685
     184     -16.7139
     185     -11.4127
     186      -6.6213
     187     -22.7285
     188      -9.7958
     189     -10.9122
     190     -18.3508
     191     -32.6113
     192     -28.1221
     193     -29.8618
     194     -34.0699
     195     -39.2304
     196     -35.2151
     197     -46.5737
     198     -47.2568
     199     -37.7799
     200     -27.9779
