#Frame      Dih_00088
       1      20.4057
       2      21.0024
       3      21.4480
       4      21.1724
       5      26.8284
       6      31.4680
       7      38.1815
       8      24.2036
       9      21.0956
      10      10.3883
      11      23.5526
      12      36.7417
      13      34.3750
      14      40.2364
      15      28.4711
      16      16.7599
      17      28.4026
      18      29.6161
      19      27.8283
      20      34.5424
      21      36.3172
      22      33.3008
      23      32.2717
      24      37.0488
      25      37.1464
      26      33.8947
      27      31.4241
      28      26.1578
      29      35.0726
      30      31.1243
      31      44.0711
      32      36.5557
      33      27.7552
      34      22.0356
      35      20.6009
      36      18.1073
      37      18.3580
      38      25.1548
      39      20.0299
      40      35.5377
      41      36.5349
      42      36.4878
      43      40.4071
      44      28.0373
      45      27.0487
      46      25.0496
      47      36.6574
      48      35.5416
      49      35.3921
      50      36.0591
      51      37.0542
      52      27.8575
      53      30.6104
      54      33.1770
      55      34.3438
      56      38.3093
      57      35.0156
      58      31.3307
      59      31.2027
      60      32.8237
      61      29.3048
      62      19.5786
      63      17.8450
      64      23.2840
      65      24.3550
      66      20.3458
      67      27.1712
      68      21.5586
      69      29.4923
      70      25.2168
      71      16.4254
      72      14.4290
      73      10.0690
      74      22.4029
      75      30.9577
      76      18.9252
      77      23.5168
      78      27.2059
      79      26.5747
      80      22.8744
      81      26.9197
      82      18.2012
      83      18.3903
      84      29.8627
      85      24.5464
      86      30.1156
      87      26.1590
      88      16.2231
      89      22.7355
      90      22.0308
      91      35.6647
      92      29.6596
      93      21.1162
      94      21.2568
      95      23.1381
      96      18.5596
      97      30.6734
      98      35.1385
      99      23.7794
     100      19.1307
     101      17.0651
     102      17.2740
     103      19.1111
     104      22.1285
     105      24.3208
     106       8.2666
     107      -3.4106
     108      -5.0477
     109      -6.2763
     110      -6.3529
     111      -7.6914
     112      -7.2467
     113     -13.1939
     114     -18.1295
     115     -18.5903
     116     -11.2472
     117      -9.5403
     118     -10.5368
     119       0.1725
     120       3.7475
     121      -2.7120
     122     -11.2798
     123      -4.2329
     124     -20.5236
     125     -14.8177
     126     -17.9407
     127     -11.2019
     128     -16.3807
     129      -5.4918
     130     -17.6153
     131     -15.8678
     132     -15.2112
     133     -15.6021
     134      -3.7685
     135      -5.6079
     136      -3.5558
     137     -10.9537
     138      -9.3918
     139      -7.8758
     140     -19.7039
     141     -14.2784
     142      -1.8678
     143       8.2635
     144       5.8475
     145       5.1693
     146       9.2414
     147      18.3945
     148      14.5793
     149      11.5192
     150      15.7178
     151      19.5884
     152      14.6365
     153       8.9322
     154      14.9568
     155      -0.3957
     156      13.2458
     157       6.7453
     158      12.8332
     159      13.6344
     160      11.3790
     161       6.1359
     162       0.7123
     163       1.7111
     164      11.9041
     165      10.1420
     166      25.7629
     167      20.9948
     168      24.7859
     169      26.6675
     170      28.8984
     171      22.9622
     172      26.7830
     173      27.8759
     174      28.6385
     175      30.2039
     176      27.1619
     177      18.4340
     178      23.8406
     179      24.8324
     180      34.3454
     181      28.5425
     182      23.6867
     183      27.8961
     184      33.5895
     185      31.5102
     186      33.1543
     187      36.5848
     188      33.4225
     189      34.2427
     190      26.6489
     191      33.8175
     192      30.6344
     193      32.6827
     194      33.2170
     195      34.2753
     196      38.8775
     197      33.3492
     198      36.2333
     199      37.5731
     200      33.5895
