#Frame      Dih_00087
       1      -3.9135
       2      -4.9397
       3      -4.0104
       4      -0.1955
       5       1.1038
       6     -13.3930
       7     -22.5216
       8     -15.7925
       9      -8.9090
      10      11.3977
      11      -1.1516
      12     -18.5854
      13     -15.1377
      14     -24.3444
      15     -12.9021
      16       1.3898
      17      -3.5289
      18     -17.1305
      19     -12.3694
      20     -16.1284
      21     -13.3420
      22     -24.8665
      23      -9.7622
      24     -23.9581
      25     -32.3816
      26     -28.5889
      27     -32.4048
      28     -27.9792
      29     -40.3190
      30     -32.2928
      31     -34.8642
      32     -20.3810
      33     -17.1525
      34      -4.9799
      35       3.2755
      36       6.3441
      37       3.2193
      38      -6.9065
      39       1.5165
      40     -26.3773
      41     -34.6610
      42     -39.6109
      43     -42.4983
      44     -30.9731
      45     -25.4130
      46     -26.2411
      47     -33.1759
      48     -18.7206
      49     -15.4064
      50     -26.4269
      51     -27.2564
      52     -24.1744
      53     -30.2537
      54     -27.5655
      55     -31.5481
      56     -38.0276
      57     -41.7518
      58     -38.2652
      59     -38.4379
      60     -39.4414
      61     -35.5354
      62     -38.0680
      63     -29.9822
      64     -34.4539
      65     -33.1055
      66     -35.2138
      67     -39.3685
      68     -34.6150
      69     -37.7108
      70     -30.3922
      71     -29.6351
      72     -25.3788
      73     -24.0134
      74     -34.6861
      75     -37.3520
      76     -30.6164
      77     -33.3998
      78     -32.3135
      79     -33.2164
      80     -31.2001
      81     -39.3506
      82     -30.3474
      83     -31.0795
      84     -39.7881
      85     -29.7938
      86     -38.8869
      87     -36.7347
      88     -29.6714
      89     -31.6251
      90     -30.6596
      91     -39.4964
      92     -36.0134
      93     -33.8887
      94     -32.0397
      95     -32.0998
      96     -32.5257
      97     -37.5234
      98     -36.7467
      99     -21.8249
     100     -26.2579
     101     -23.7680
     102     -22.6662
     103     -25.0681
     104     -25.7991
     105     -28.2332
     106     -14.1478
     107      -6.5410
     108      -6.2469
     109       1.4285
     110      -6.9669
     111      -5.5018
     112       3.1964
     113      10.2248
     114      20.2768
     115      19.6381
     116       2.4275
     117      -5.5976
     118       5.4665
     119     -11.4422
     120      -6.4072
     121      -9.8945
     122      -8.1681
     123      -6.2011
     124      15.0969
     125       5.5210
     126       2.1482
     127      -4.6718
     128      11.7566
     129       5.3359
     130       7.3857
     131      -7.4803
     132      -4.0632
     133       6.4436
     134      -7.8062
     135      -0.6624
     136      -7.5223
     137      -3.8977
     138      -5.9233
     139      -9.8252
     140       4.6089
     141      -0.2659
     142     -12.2911
     143     -19.2209
     144     -14.5902
     145     -16.6038
     146     -23.0971
     147     -29.2374
     148     -16.6710
     149     -10.1419
     150     -16.7799
     151     -22.8183
     152     -28.5907
     153     -20.1770
     154     -18.5550
     155      -2.0942
     156     -26.8324
     157     -19.9213
     158     -28.1730
     159     -28.7693
     160     -17.6762
     161     -12.2637
     162     -10.6458
     163     -18.1531
     164     -22.1008
     165     -23.5573
     166     -38.2848
     167     -30.2013
     168     -31.5774
     169     -28.8365
     170     -22.8136
     171     -18.8425
     172     -33.9972
     173     -37.0122
     174     -30.8498
     175     -33.9276
     176     -31.4586
     177     -21.2928
     178     -22.9869
     179     -23.1328
     180     -28.7801
     181     -26.9176
     182     -25.3134
     183     -29.3402
     184     -30.3137
     185     -23.2804
     186     -32.4795
     187     -37.5478
     188     -34.9286
     189     -29.0338
     190     -22.3209
     191     -35.3664
     192     -35.2637
     193     -39.5953
     194     -35.6667
     195     -30.1289
     196     -23.3429
     197     -31.5160
     198     -33.6204
     199     -34.2286
     200     -36.0508
