#Frame      Dih_00090
       1      32.9158
       2      26.3208
       3      35.0493
       4      36.6218
       5      49.7844
       6      32.8200
       7      31.5326
       8      16.2797
       9      23.0679
      10      38.6544
      11      38.7461
      12      36.4057
      13      32.9139
      14      32.2293
      15      31.2926
      16      31.5615
      17      42.7529
      18      30.3587
      19      26.1628
      20      33.0871
      21      40.2917
      22      20.8896
      23      40.9835
      24      26.3904
      25      13.3444
      26       9.5082
      27       0.9898
      28      -3.3556
      29      -1.5309
      30       1.1278
      31      19.2647
      32      29.2487
      33      23.5672
      34      29.4149
      35      42.8901
      36      47.7358
      37      36.3003
      38      32.0862
      39      38.3276
      40      23.4329
      41       5.5909
      42      -6.3564
      43      -4.2012
      44      -1.4626
      45       6.0270
      46       0.5384
      47       8.0586
      48      32.9154
      49      36.6291
      50      20.3665
      51      19.8851
      52      11.3127
      53       6.8359
      54      11.4344
      55       7.5835
      56       3.9506
      57      -7.4256
      58      -7.6430
      59     -13.0968
      60     -13.8105
      61      -9.3091
      62     -30.8087
      63     -21.7965
      64     -20.5127
      65     -14.1204
      66     -27.4509
      67     -22.2901
      68     -19.9798
      69     -13.0326
      70      -6.7112
      71     -22.0124
      72     -20.3141
      73     -23.6999
      74     -18.6805
      75      -9.5163
      76     -19.8899
      77     -16.6104
      78      -6.3709
      79     -10.0374
      80     -13.2039
      81     -21.6298
      82     -19.1085
      83     -20.8725
      84     -17.5085
      85      -6.4904
      86     -12.5203
      87     -15.0702
      88     -20.5659
      89     -14.1823
      90     -13.1040
      91      -5.5566
      92     -10.7276
      93     -19.3374
      94     -12.9764
      95     -13.6506
      96     -22.0419
      97     -12.5927
      98      -1.5438
      99       6.3540
     100     -11.1776
     101      -8.7445
     102      -6.9156
     103     -12.1652
     104      -7.1260
     105      -5.0293
     106      -9.5174
     107     -18.0788
     108     -20.9607
     109      -8.4192
     110     -23.5470
     111     -23.4197
     112      -7.7861
     113      -5.0885
     114       0.6533
     115       1.4522
     116     -17.3287
     117     -25.4578
     118     -10.3296
     119     -19.2162
     120      -4.3789
     121     -22.0841
     122     -32.8130
     123     -19.1322
     124     -10.6812
     125     -19.3983
     126     -25.9327
     127     -26.5142
     128     -10.1673
     129      -1.0014
     130     -19.9507
     131     -38.5773
     132     -35.8589
     133     -16.0868
     134     -21.3017
     135     -10.7948
     136     -19.7968
     137     -26.1618
     138     -25.5375
     139     -31.9157
     140     -27.5765
     141     -25.2713
     142     -26.7594
     143     -19.9771
     144     -13.4782
     145     -18.1974
     146     -24.7546
     147     -18.1721
     148      -4.1482
     149       2.7480
     150      -0.3391
     151      -4.3873
     152     -24.2530
     153     -18.1431
     154      -4.2494
     155      -4.4130
     156     -24.5538
     157     -22.8663
     158     -27.1358
     159     -24.7976
     160     -10.8094
     161     -11.0810
     162     -18.8863
     163     -28.3570
     164     -16.1377
     165     -22.9583
     166     -19.0121
     167     -13.0809
     168      -9.8033
     169      -1.5114
     170      15.3170
     171       6.8809
     172      -8.4522
     173     -14.2318
     174      -0.3576
     175      -9.1945
     176      -2.4640
     177      -1.7868
     178       2.5193
     179       5.9313
     180      11.8362
     181       3.5498
     182       0.2948
     183       0.8102
     184       6.6761
     185      17.9968
     186       2.9941
     187       5.6936
     188       0.0893
     189      11.8233
     190       7.3861
     191      -0.5437
     192      -8.8267
     193      -8.0505
     194      -2.5635
     195       5.9735
     196      30.4635
     197       3.6873
     198       4.2173
     199       6.9254
     200      -4.8471
