#Frame      Dih_00086
       1     -17.8732
       2     -13.6365
       3     -17.9451
       4     -24.0475
       5     -31.1096
       6     -12.0871
       7      -5.9988
       8       0.2444
       9      -8.4236
      10     -30.3000
      11     -24.6112
      12     -10.3044
      13     -11.8768
      14      -4.7300
      15     -11.3946
      16     -20.5817
      17     -25.1151
      18      -6.7364
      19      -8.4588
      20     -10.4540
      21     -17.0905
      22       2.8643
      23     -18.6945
      24      -0.9677
      25      11.5307
      26      13.3633
      27      19.9076
      28      20.2306
      29      23.7122
      30      19.9161
      31       9.4916
      32      -6.4358
      33      -3.4961
      34     -15.2305
      35     -29.0557
      36     -31.7838
      37     -24.5806
      38     -15.6720
      39     -26.1231
      40       2.7079
      41      18.1578
      42      27.9228
      43      30.0769
      44      19.2029
      45      12.2041
      46      15.4439
      47      15.8546
      48      -8.5586
      49     -12.7640
      50       3.5650
      51       4.8665
      52       8.2913
      53      14.1696
      54       9.4314
      55      15.0890
      56      21.7492
      57      30.9863
      58      27.7932
      59      33.5690
      60      33.9023
      61      26.4699
      62      40.0306
      63      29.2714
      64      34.5354
      65      29.0373
      66      39.3486
      67      39.6615
      68      33.9587
      69      32.9064
      70      22.1031
      71      32.4632
      72      27.8663
      73      31.1980
      74      33.5428
      75      30.0399
      76      33.0000
      77      31.4592
      78      24.0505
      79      27.7420
      80      28.5087
      81      37.5450
      82      30.4460
      83      31.9443
      84      34.9479
      85      23.6234
      86      33.3522
      87      30.6814
      88      30.0935
      89      28.9540
      90      27.6132
      91      27.1242
      92      29.6012
      93      33.3595
      94      28.2750
      95      30.5417
      96      35.0982
      97      34.5268
      98      25.4943
      99       9.2967
     100      23.2458
     101      19.7690
     102      19.0821
     103      23.8195
     104      20.8130
     105      21.9178
     106      14.2541
     107      15.2468
     108      16.9501
     109       4.2113
     110      19.3407
     111      17.8790
     112       2.7245
     113      -3.0258
     114     -12.4845
     115     -13.4258
     116       8.6813
     117      18.9685
     118       2.7455
     119      18.8713
     120       7.0105
     121      20.4313
     122      25.8537
     123      15.7205
     124      -2.7064
     125       7.7269
     126      14.9884
     127      20.2024
     128      -1.0299
     129      -2.8054
     130       7.1920
     131      30.5349
     132      24.3577
     133       5.8786
     134      17.9103
     135       7.4214
     136      17.0628
     137      18.2604
     138      19.6300
     139      24.7872
     140      14.9488
     141      15.9964
     142      23.4897
     143      25.1176
     144      17.3406
     145      22.0858
     146      30.0144
     147      29.2121
     148      13.9552
     149       4.9251
     150      10.8841
     151      17.0783
     152      32.4600
     153      24.5022
     154      14.6142
     155       3.9932
     156      31.5981
     157      26.7726
     158      35.5148
     159      33.8548
     160      18.4893
     161      15.6091
     162      17.7385
     163      30.2344
     164      23.6351
     165      29.1273
     166      35.5643
     167      27.1499
     168      25.8930
     169      18.8797
     170       4.9982
     171       7.6839
     172      26.8597
     173      33.1941
     174      19.4223
     175      28.2092
     176      21.4830
     177      14.6082
     178      12.9629
     179      11.5173
     180      10.9484
     181      15.7953
     182      15.5169
     183      18.2213
     184      14.7613
     185       3.2632
     186      19.0630
     187      18.7345
     188      22.0660
     189      10.9760
     190       9.7907
     191      23.2754
     192      27.7400
     193      29.6923
     194      26.2670
     195      15.9335
     196      -3.2554
     197      18.0287
     198      18.3907
     199      18.0214
     200      25.4426
