#Frame      Dih_00089
       1     -32.4344
       2     -29.3549
       3     -35.5593
       4     -34.4432
       5     -47.8835
       6     -38.2931
       7     -44.0577
       8     -26.5779
       9     -27.5981
      10     -30.0816
      11     -38.0627
      12     -44.9512
      13     -41.3095
      14     -42.6598
      15     -37.2130
      16     -29.2275
      17     -40.1778
      18     -38.4916
      19     -30.5043
      20     -41.3589
      21     -48.4948
      22     -34.8258
      23     -42.2634
      24     -38.3737
      25     -32.6319
      26     -27.8391
      27     -20.5739
      28     -14.9005
      29     -22.2918
      30     -22.6947
      31     -38.2744
      32     -39.4874
      33     -32.1715
      34     -31.9555
      35     -37.3933
      36     -40.6302
      37     -32.1824
      38     -36.2756
      39     -34.5242
      40     -37.4528
      41     -25.9135
      42     -17.9476
      43     -22.5137
      44     -16.7957
      45     -21.3941
      46     -17.0785
      47     -28.3904
      48     -42.4733
      49     -42.5670
      50     -34.1554
      51     -35.1102
      52     -25.7674
      53     -23.0993
      54     -27.4888
      55     -27.8322
      56     -27.0106
      57     -18.0634
      58     -17.1608
      59     -12.7983
      60     -11.1929
      61     -13.0371
      62       5.7504
      63       2.4129
      64      -4.0722
      65      -7.0547
      66       2.7391
      67      -4.9702
      68      -3.1687
      69     -11.4278
      70     -12.3429
      71       1.5853
      72       2.0950
      73       7.5952
      74      -3.9295
      75     -14.9372
      76      -0.7025
      77      -6.1612
      78     -14.1629
      79     -11.0929
      80      -6.2435
      81      -3.7909
      82      -0.1396
      83       0.2036
      84      -9.6793
      85     -12.0729
      86     -11.6865
      87      -8.7411
      88       0.7280
      89      -5.8758
      90      -6.0075
      91     -19.3831
      92     -12.2367
      93      -2.1562
      94      -6.3903
      95      -7.7859
      96       0.3906
      97     -12.4819
      98     -22.6133
      99     -18.5966
     100      -5.5706
     101      -5.9240
     102      -7.6854
     103      -4.9595
     104     -10.1418
     105     -13.2229
     106       0.2984
     107      11.8910
     108      15.8786
     109       9.0729
     110      17.3440
     111      18.4564
     112       9.1666
     113      11.3664
     114      11.0941
     115      11.5356
     116      17.1659
     117      20.7878
     118      12.9688
     119      10.8005
     120       0.1460
     121      15.0757
     122      27.2334
     123      13.1344
     124      20.0986
     125      20.3560
     126      28.0394
     127      23.5544
     128      15.8607
     129       4.3079
     130      22.5236
     131      32.9367
     132      30.8158
     133      19.3142
     134      14.4600
     135       9.5212
     136      13.2241
     137      22.6770
     138      20.9619
     139      23.4508
     140      28.5019
     141      23.6015
     142      16.1556
     143       5.6555
     144       4.3371
     145       7.9732
     146       8.1793
     147      -1.1411
     148      -7.0777
     149      -9.0125
     150     -10.2019
     151     -10.5895
     152       4.8092
     153       4.5594
     154      -7.0123
     155       2.6154
     156       5.7926
     157       8.3377
     158       6.7400
     159       5.9325
     160      -1.3604
     161       2.5492
     162       9.7472
     163      15.5180
     164       1.6438
     165       6.2717
     166      -5.0910
     167      -6.3928
     168      -9.7569
     169     -16.9955
     170     -26.7558
     171     -18.7271
     172     -12.1349
     173     -10.5828
     174     -18.1109
     175     -14.2268
     176     -16.5122
     177     -11.0629
     178     -16.2244
     179     -19.2870
     180     -28.9863
     181     -20.7265
     182     -16.0389
     183     -18.8243
     184     -24.9371
     185     -30.9564
     186     -24.6986
     187     -28.3723
     188     -21.6853
     189     -29.9350
     190     -22.0800
     191     -21.5670
     192     -14.2761
     193     -16.3011
     194     -21.4418
     195     -25.8529
     196     -43.7370
     197     -23.5888
     198     -24.5631
     199     -29.0530
     200     -18.2525
