#Frame      Dih_00095
       1      11.1947
       2      19.0299
       3      16.7126
       4      19.6064
       5       7.7529
       6      13.2049
       7      14.9110
       8       6.9632
       9      21.7457
      10       2.8611
      11      19.7871
      12      22.1883
      13      12.7680
      14       4.3655
      15      20.5074
      16      23.9108
      17      21.4855
      18      13.8052
      19      27.1160
      20      24.7950
      21      17.2413
      22      22.1426
      23      16.6634
      24      13.4829
      25      14.2586
      26      24.6782
      27      20.0448
      28       2.9138
      29      29.1135
      30      23.8479
      31      18.2344
      32      -2.3768
      33      18.0747
      34      13.9294
      35      17.3926
      36      10.6223
      37      22.2855
      38      16.6328
      39      20.7691
      40      22.8630
      41      24.7146
      42      13.1838
      43      24.6599
      44      13.9909
      45      23.1010
      46      21.6018
      47       3.9939
      48      12.6065
      49      26.3015
      50      22.0510
      51      12.8253
      52      15.6245
      53      20.9962
      54      22.5202
      55      12.1611
      56       8.5633
      57      10.9774
      58      22.2440
      59      14.3322
      60      22.0655
      61      15.2740
      62      10.7280
      63      18.7438
      64      22.3986
      65      24.1946
      66      15.2101
      67      15.1789
      68      13.8649
      69      13.5191
      70      13.8796
      71      20.1329
      72      35.5990
      73       9.3180
      74       1.8315
      75      16.8118
      76      -0.4899
      77      12.5529
      78      23.2309
      79      16.8254
      80      18.8566
      81      19.2760
      82      25.0897
      83      20.2118
      84      -4.1450
      85       2.9389
      86      20.3541
      87       7.6409
      88      22.5085
      89      19.1394
      90      22.6411
      91      21.6751
      92      17.2949
      93      18.9703
      94      12.8570
      95      24.6908
      96       4.8040
      97      13.9881
      98      14.9740
      99      17.3315
     100      15.9645
     101      18.3821
     102      23.8131
     103       8.2964
     104       4.6090
     105       5.3886
     106      27.7317
     107      33.0307
     108      15.5203
     109       7.3782
     110      25.9418
     111      26.6551
     112      32.6518
     113      20.3471
     114      23.2816
     115      25.9828
     116      32.8944
     117      18.9415
     118      11.6856
     119      24.0349
     120       7.3911
     121      18.0800
     122      31.8270
     123      31.2270
     124      29.3120
     125      19.2964
     126      17.0683
     127      25.5266
     128      31.4467
     129      27.1025
     130      14.4237
     131      24.8300
     132      21.3530
     133      19.1394
     134      10.0494
     135      20.2035
     136      29.4049
     137      14.8469
     138      21.4120
     139      29.5127
     140      26.8453
     141      16.0787
     142      19.1962
     143      11.2486
     144       8.0131
     145      13.6496
     146      24.3651
     147       8.3223
     148      21.4534
     149      27.4973
     150      18.3829
     151      14.7658
     152      25.9950
     153      12.8709
     154      17.9287
     155      20.2976
     156       9.9820
     157      13.6867
     158      11.3567
     159      13.2913
     160      16.8849
     161      23.1300
     162      26.7939
     163      27.3946
     164      26.9351
     165      15.2024
     166      19.2473
     167      17.6790
     168      13.7140
     169      12.9750
     170      22.5192
     171      30.9603
     172      30.1077
     173      19.8332
     174      24.0973
     175      30.8535
     176      15.9719
     177      24.2545
     178      33.5340
     179      33.8790
     180      13.8091
     181      28.1238
     182      33.4578
     183      25.2534
     184      22.5190
     185      14.9488
     186      14.0710
     187      13.3954
     188      22.3009
     189      22.9291
     190      18.3662
     191      22.5822
     192      18.1586
     193      22.9434
     194       8.4476
     195      26.0593
     196      27.7259
     197      24.8781
     198      14.8291
     199      18.9849
     200      16.0425
