#Frame      Dih_00094
       1     -28.9567
       2     -38.3503
       3     -34.5293
       4     -32.8267
       5     -21.3237
       6     -33.2403
       7     -35.9494
       8     -21.1888
       9     -35.9787
      10     -23.8480
      11     -33.3097
      12     -34.8280
      13     -30.0660
      14     -28.9372
      15     -31.3631
      16     -32.1379
      17     -30.4395
      18     -33.5807
      19     -37.4670
      20     -37.9573
      21     -31.9409
      22     -40.9748
      23     -35.8694
      24     -27.6017
      25     -31.4880
      26     -42.0116
      27     -33.4874
      28     -25.8710
      29     -43.5240
      30     -38.2334
      31     -32.3460
      32     -19.1245
      33     -33.7561
      34     -28.7096
      35     -36.6407
      36     -33.4445
      37     -37.5704
      38     -30.4540
      39     -34.3908
      40     -36.7483
      41     -32.5213
      42     -26.9014
      43     -42.4820
      44     -28.5010
      45     -36.4461
      46     -37.1594
      47     -29.2694
      48     -41.0385
      49     -39.0004
      50     -30.7027
      51     -31.2782
      52     -34.2281
      53     -30.1134
      54     -37.6766
      55     -35.2669
      56     -28.9267
      57     -24.2309
      58     -35.6267
      59     -32.9169
      60     -43.8648
      61     -32.4672
      62     -28.9399
      63     -41.7891
      64     -39.3024
      65     -40.9161
      66     -35.9281
      67     -31.9100
      68     -27.0981
      69     -29.6708
      70     -36.2006
      71     -31.9895
      72     -45.1094
      73     -28.7704
      74     -27.6527
      75     -34.5244
      76     -24.9931
      77     -31.5121
      78     -36.9077
      79     -30.9748
      80     -35.5255
      81     -39.8504
      82     -42.5922
      83     -30.6062
      84      -8.6609
      85     -15.5702
      86     -27.3399
      87     -13.3944
      88     -32.7395
      89     -32.4689
      90     -31.4651
      91     -36.2593
      92     -35.8443
      93     -31.8459
      94     -25.2095
      95     -33.2423
      96     -22.1375
      97     -29.7867
      98     -30.5744
      99     -33.1409
     100     -34.5552
     101     -35.9305
     102     -38.7056
     103     -23.2370
     104     -22.8458
     105     -22.3673
     106     -37.8274
     107     -42.6979
     108     -27.9513
     109     -26.1916
     110     -34.9002
     111     -38.2682
     112     -38.9483
     113     -31.3450
     114     -35.0183
     115     -35.5625
     116     -42.8482
     117     -23.5966
     118     -26.2432
     119     -36.7152
     120     -26.8140
     121     -32.5867
     122     -41.4162
     123     -32.4140
     124     -34.5902
     125     -27.1209
     126     -27.4141
     127     -39.0224
     128     -37.6490
     129     -31.2303
     130     -28.6390
     131     -36.2445
     132     -32.3984
     133     -32.5572
     134     -25.3314
     135     -34.3582
     136     -35.9037
     137     -29.2443
     138     -36.9230
     139     -41.9595
     140     -36.2180
     141     -31.5573
     142     -36.3562
     143     -31.2337
     144     -22.5577
     145     -27.2874
     146     -34.2370
     147     -22.6068
     148     -41.9781
     149     -45.9926
     150     -33.2725
     151     -27.4255
     152     -36.3628
     153     -31.5973
     154     -37.5195
     155     -39.2649
     156     -28.3992
     157     -32.2951
     158     -26.6035
     159     -30.2646
     160     -32.3637
     161     -34.9661
     162     -40.6857
     163     -43.5526
     164     -35.7542
     165     -31.8094
     166     -32.6770
     167     -35.6220
     168     -33.3262
     169     -28.9004
     170     -34.9408
     171     -37.5588
     172     -40.5820
     173     -40.8825
     174     -35.9459
     175     -36.5761
     176     -28.4426
     177     -28.4772
     178     -40.7702
     179     -44.6967
     180     -24.7588
     181     -41.4176
     182     -50.0711
     183     -42.8659
     184     -33.8362
     185     -29.2204
     186     -32.2154
     187     -33.9726
     188     -37.7318
     189     -43.2781
     190     -33.3286
     191     -38.9999
     192     -34.6510
     193     -36.6902
     194     -28.4401
     195     -39.3162
     196     -36.4669
     197     -37.2460
     198     -30.6447
     199     -34.2527
     200     -37.6649
