#Frame      Dih_00092
       1     -31.1904
       2     -30.0066
       3     -29.1579
       4     -22.0019
       5     -23.0541
       6     -32.9742
       7     -33.7926
       8     -25.6726
       9     -25.1022
      10     -33.5437
      11     -22.6855
      12     -22.0230
      13     -29.4394
      14     -41.7537
      15     -20.4081
      16     -14.2478
      17     -15.5879
      18     -31.0138
      19     -18.2725
      20     -22.5139
      21     -26.2410
      22     -31.7989
      23     -31.6175
      24     -26.7104
      25     -25.6534
      26     -27.7138
      27     -21.8490
      28     -37.6186
      29     -26.6877
      30     -25.8882
      31     -25.6712
      32     -32.6974
      33     -26.0070
      34     -25.7380
      35     -30.3651
      36     -38.7593
      37     -26.6022
      38     -25.1817
      39     -24.9168
      40     -22.1158
      41     -15.8014
      42     -24.4844
      43     -29.6435
      44     -25.8954
      45     -19.5220
      46     -24.3158
      47     -40.7942
      48     -45.2349
      49     -25.6165
      50     -15.2580
      51     -32.5032
      52     -29.5648
      53     -16.5991
      54     -29.6666
      55     -36.3102
      56     -34.6697
      57     -20.3893
      58     -23.0482
      59     -33.4891
      60     -37.0268
      61     -30.9713
      62     -31.4795
      63     -34.0933
      64     -29.7590
      65     -30.1474
      66     -34.2977
      67     -29.7323
      68     -23.3648
      69     -26.6533
      70     -37.0932
      71     -23.1739
      72     -21.3627
      73     -31.7099
      74     -40.4300
      75     -29.9950
      76     -39.2874
      77     -30.3815
      78     -23.3316
      79     -26.9207
      80     -29.9307
      81     -31.0126
      82     -26.9464
      83     -17.2996
      84     -20.8338
      85     -20.1141
      86     -13.0363
      87     -10.4925
      88     -17.4899
      89     -23.8099
      90     -18.1646
      91     -22.9874
      92     -29.5018
      93     -24.7794
      94     -23.0134
      95     -17.1958
      96     -30.1343
      97     -28.3931
      98     -26.6834
      99     -26.6264
     100     -31.9225
     101     -30.1550
     102     -26.8532
     103     -24.8535
     104     -31.4886
     105     -27.6404
     106     -18.1223
     107     -18.9633
     108     -22.7958
     109     -30.5208
     110     -17.3417
     111     -21.9933
     112     -15.3292
     113     -17.4785
     114     -19.6663
     115     -14.7873
     116     -16.1627
     117      -8.6712
     118     -22.5709
     119     -22.6066
     120     -32.7071
     121     -22.5289
     122     -16.0141
     123      -4.9989
     124     -13.2036
     125     -12.4458
     126     -18.1079
     127     -25.6224
     128     -12.7379
     129     -10.3516
     130     -23.1233
     131     -18.9848
     132     -21.2623
     133     -22.3986
     134     -27.5580
     135     -25.4303
     136     -11.8734
     137     -23.9509
     138     -24.4198
     139     -21.6655
     140     -16.7554
     141     -28.1944
     142     -26.0744
     143     -33.9135
     144     -22.5263
     145     -23.2086
     146     -17.2780
     147     -25.3102
     148     -33.2521
     149     -28.6266
     150     -24.2691
     151     -18.7969
     152     -16.3154
     153     -29.7080
     154     -31.7590
     155     -31.2943
     156     -29.8324
     157     -27.7620
     158     -26.9286
     159     -28.4300
     160     -23.7234
     161     -20.1428
     162     -24.6145
     163     -28.8617
     164     -17.0703
     165     -27.6991
     166     -23.2878
     167     -30.1923
     168     -29.8756
     169     -26.3697
     170     -20.5450
     171     -15.5269
     172     -19.1634
     173     -35.4792
     174     -21.6243
     175     -10.4970
     176     -22.8186
     177      -8.9215
     178     -14.8476
     179     -17.0917
     180     -18.1702
     181     -26.9330
     182     -23.7478
     183     -26.9831
     184     -18.5255
     185     -23.2221
     186     -31.1646
     187     -32.9193
     188     -29.1758
     189     -31.6091
     190     -28.2291
     191     -32.4578
     192     -27.6207
     193     -23.4076
     194     -34.2143
     195     -24.0041
     196     -20.1752
     197     -20.0171
     198     -25.7092
     199     -21.2214
     200     -34.4510
