#Frame      Dih_00093
       1      35.6680
       2      38.6700
       3      36.9711
       4      33.8762
       5      27.4900
       6      36.8791
       7      41.0973
       8      27.6677
       9      35.4798
      10      33.1843
      11      30.9521
      12      32.4846
      13      36.6062
      14      42.0547
      15      30.4096
      16      26.7342
      17      27.5932
      18      37.0340
      19      32.9657
      20      36.1450
      21      35.3751
      22      43.5435
      23      39.0594
      24      32.3083
      25      34.7783
      26      40.6805
      27      32.8401
      28      37.3021
      29      39.4463
      30      36.5073
      31      33.4561
      32      30.1605
      33      33.1904
      34      31.6289
      35      40.5714
      36      41.0390
      37      39.3373
      38      31.7913
      39      37.0048
      40      33.5170
      41      28.0834
      42      30.0585
      43      44.7778
      44      33.3519
      45      33.4196
      46      34.1708
      47      42.6992
      48      53.1012
      49      38.5243
      50      26.6642
      51      35.4495
      52      38.7492
      53      27.3688
      54      39.2545
      55      41.8176
      56      35.7180
      57      26.0418
      58      32.2315
      59      40.7689
      60      48.4700
      61      38.6788
      62      36.1452
      63      42.8954
      64      39.6281
      65      45.8890
      66      43.0126
      67      36.4855
      68      29.0886
      69      32.7158
      70      43.2552
      71      33.0185
      72      38.9282
      73      34.7132
      74      42.0243
      75      36.4435
      76      38.0067
      77      36.9574
      78      35.4559
      79      32.6998
      80      37.7272
      81      41.7325
      82      38.3350
      83      27.3475
      84      17.0125
      85      20.3529
      86      24.2837
      87      13.6339
      88      27.6619
      89      32.3007
      90      28.6285
      91      35.1524
      92      36.6125
      93      32.2914
      94      27.7784
      95      27.3932
      96      28.8532
      97      34.4621
      98      32.4878
      99      33.8272
     100      39.6341
     101      39.7196
     102      37.4250
     103      29.5434
     104      30.1473
     105      30.1886
     106      32.8972
     107      35.1748
     108      31.6432
     109      33.7514
     110      30.7654
     111      37.4203
     112      32.4260
     113      30.0838
     114      32.0908
     115      28.3764
     116      33.1376
     117      18.1234
     118      28.4175
     119      31.8375
     120      34.5619
     121      32.7464
     122      33.4703
     123      21.1752
     124      28.0236
     125      23.7147
     126      27.5776
     127      37.8169
     128      30.2883
     129      23.3783
     130      31.3311
     131      31.8262
     132      31.5179
     133      34.7408
     134      32.3926
     135      35.3316
     136      29.0956
     137      30.5427
     138      37.1185
     139      37.0852
     140      31.4540
     141      35.3887
     142      36.7698
     143      38.3617
     144      27.6329
     145      29.6384
     146      28.1655
     147      27.6052
     148      42.6324
     149      41.4530
     150      33.3309
     151      26.6246
     152      29.3082
     153      35.2854
     154      40.4346
     155      42.1308
     156      32.6352
     157      34.1416
     158      32.4125
     159      34.4376
     160      33.0512
     161      31.0889
     162      38.4399
     163      43.4185
     164      30.5542
     165      33.8021
     166      32.8327
     167      39.2278
     168      37.5062
     169      32.9082
     170      32.4947
     171      31.2740
     172      35.4618
     173      46.3577
     174      33.3726
     175      26.8078
     176      28.7008
     177      22.3264
     178      33.8862
     179      33.4769
     180      24.3559
     181      41.4352
     182      43.8352
     183      37.2906
     184      29.7769
     185      31.1148
     186      35.4536
     187      40.3345
     188      38.7357
     189      43.8600
     190      35.8641
     191      41.6070
     192      37.5849
     193      35.3543
     194      35.4321
     195      38.4119
     196      34.2117
     197      33.0079
     198      32.7396
     199      32.8270
     200      42.8064
