#Frame      Dih_00091
       1      12.3224
       2       7.9683
       3       8.4333
       4       1.1952
       5       9.8979
       6      12.9690
       7      13.4711
       8      10.1080
       9       2.6722
      10      17.9705
      11       2.7000
      12       0.3163
      13      11.6318
      14      23.5851
      15       0.9117
      16      -6.1717
      17      -2.8241
      18      11.0359
      19      -5.2978
      20      -0.9215
      21       5.2769
      22       6.7735
      23       9.8023
      24       7.7582
      25       8.1317
      26       3.2522
      27       1.5198
      28      21.4413
      29      -2.0882
      30       2.3306
      31       4.8791
      32      22.5829
      33       5.9896
      34       8.0885
      35       9.1296
      36      17.9377
      37       2.2730
      38       6.3833
      39       1.9730
      40       0.0678
      41      -5.6692
      42       6.9435
      43       3.9607
      44       8.3623
      45      -1.5641
      46       2.4659
      47      24.5521
      48      21.6918
      49       0.3211
      50      -4.8362
      51      13.1497
      52       8.5415
      53      -1.9603
      54       3.4305
      55      16.3716
      56      16.0484
      57       5.5469
      58       1.0669
      59      12.3994
      60       9.4938
      61       9.9815
      62      12.3903
      63       9.2143
      64       4.9636
      65       4.3142
      66      13.3642
      67       8.3178
      68       6.7893
      69       7.9015
      70      14.6913
      71       2.4648
      72      -8.7631
      73      14.8393
      74      24.1361
      75       8.9581
      76      25.3009
      77      11.4900
      78       0.0662
      79       6.8681
      80       6.0512
      81       8.2986
      82       1.2009
      83      -1.2038
      84      15.1703
      85      11.4654
      86      -4.7811
      87       1.9576
      88      -2.7085
      89       4.0868
      90      -2.7071
      91       1.7698
      92       7.1466
      93       4.3219
      94       6.3940
      95      -4.3638
      96      16.0491
      97       8.5368
      98       7.9273
      99       6.1401
     100      11.3255
     101       6.6569
     102       3.0265
     103      10.1776
     104      16.7755
     105      14.1198
     106      -5.6142
     107      -8.4321
     108       4.7129
     109      15.1654
     110      -5.1565
     111      -3.3195
     112     -10.4892
     113      -1.6586
     114      -1.8294
     115      -6.4341
     116      -9.9381
     117      -5.8537
     118       6.6169
     119      -0.0125
     120      15.0119
     121       3.0326
     122     -10.1928
     123     -15.6061
     124      -8.8352
     125      -4.4812
     126       1.2250
     127       0.1160
     128     -11.4775
     129      -9.2229
     130       5.4577
     131      -3.0760
     132       0.4595
     133       2.3312
     134      11.1185
     135       3.5949
     136     -10.0597
     137       5.9062
     138       2.0475
     139      -4.4836
     140      -6.8719
     141       7.1804
     142       4.5252
     143      13.4733
     144      10.2159
     145       5.5021
     146      -2.7400
     147       9.8264
     148       8.3342
     149       1.0956
     150       3.4744
     151       2.6299
     152      -5.5545
     153      11.0192
     154       9.8833
     155       7.6015
     156      12.9733
     157      10.1405
     158       9.0493
     159      10.7240
     160       4.4004
     161      -1.3500
     162      -0.8542
     163       1.6722
     164      -5.4587
     165       8.4624
     166       2.8791
     167       8.7863
     168      10.9637
     169       9.6780
     170      -0.7682
     171      -9.2714
     172      -6.4619
     173       9.1782
     174      -1.0893
     175     -12.0807
     176       4.5392
     177      -9.4258
     178     -12.7262
     179      -8.7387
     180       3.1779
     181      -0.2496
     182      -5.0466
     183       1.0034
     184      -1.7788
     185       5.5138
     186      11.4008
     187      13.1135
     188       4.0984
     189       5.1735
     190       6.9486
     191       4.9860
     192       6.8084
     193      -0.2779
     194      16.3844
     195      -1.0447
     196      -4.8177
     197      -2.0968
     198       6.6334
     199       2.3217
     200      12.0708
