#Frame      Dih_00001
       1      -2.5280
       2      12.3844
       3      -1.5933
       4      -6.8108
       5      -6.2194
       6       4.4290
       7      12.2505
       8      16.5674
       9       2.5998
      10      -1.3761
      11      -5.7877
      12       3.9981
      13      13.1817
      14       5.2412
      15       8.8424
      16      12.8309
      17       2.7079
      18     -13.5352
      19      -8.7382
      20      -5.7906
      21     -17.9711
      22     -13.4088
      23      -3.4735
      24      -0.4220
      25       8.9798
      26       5.9819
      27      -2.3792
      28       5.0725
      29      -0.5078
      30       6.2384
      31      -4.1593
      32       0.0484
      33       8.1126
      34       7.2379
      35     -25.3640
      36     -33.2334
      37     -30.8056
      38     -37.5240
      39     -41.1567
      40     -52.6064
      41     -38.6810
      42     -51.3525
      43     -31.1464
      44     -17.3182
      45     -21.5816
      46     -30.3258
      47     -34.0352
      48     -29.3164
      49     -21.8753
      50     -25.9762
      51     -22.6916
      52     -33.9210
      53     -21.9470
      54     -25.2019
      55     -33.8164
      56     -23.9797
      57     -30.9032
      58     -21.2177
      59     -29.0341
      60     -23.4155
      61     -27.9368
      62     -24.5639
      63     -27.1591
      64     -38.4197
      65     -34.1404
      66     -29.9645
      67     -22.8493
      68     -35.7208
      69     -36.1074
      70     -27.7043
      71     -40.3425
      72     -39.2835
      73     -33.4032
      74     -21.3013
      75     -24.3923
      76     -35.3955
      77     -19.3858
      78     -26.3216
      79     -22.6478
      80     -15.7933
      81      -9.3003
      82     -22.8389
      83     -38.3500
      84     -44.0578
      85     -32.4543
      86     -26.4567
      87     -20.2289
      88     -28.3404
      89     -20.2456
      90     -23.2746
      91     -21.7367
      92     -14.1564
      93     -26.7073
      94     -45.9813
      95     -44.4193
      96     -31.3103
      97     -24.3623
      98     -19.8593
      99     -21.1794
     100     -35.5468
     101     -28.8169
     102     -28.3602
     103     -20.1861
     104     -31.4866
     105     -35.8552
     106     -39.2127
     107     -34.3280
     108     -18.9489
     109     -32.6843
     110     -30.3317
     111     -25.1771
     112      -2.1888
     113     -15.3333
     114     -19.9648
     115     -13.8325
     116     -36.1995
     117     -23.4162
     118     -19.7386
     119     -24.2252
     120     -28.7829
     121     -26.0620
     122     -41.9582
     123     -35.6456
     124     -18.1878
     125     -15.2902
     126     -24.0222
     127     -11.2519
     128     -10.4050
     129      -8.2848
     130     -25.2951
     131     -10.9502
     132      -8.2901
     133     -34.1084
     134     -20.4923
     135     -27.5664
     136     -20.6193
     137     -28.2847
     138     -21.2381
     139     -13.7796
     140     -28.8882
     141     -25.1736
     142     -23.0720
     143     -15.2372
     144     -28.2835
     145     -30.7884
     146     -23.9224
     147     -12.7509
     148     -23.3072
     149     -39.0476
     150     -36.3844
     151     -11.5994
     152     -42.0343
     153     -45.1110
     154     -41.3670
     155     -16.5721
     156     -26.4531
     157     -14.4905
     158     -28.7314
     159     -43.4874
     160     -41.7380
     161     -27.8803
     162     -28.2395
     163     -37.6382
     164     -34.1072
     165     -38.6302
     166     -26.5434
     167     -26.3039
     168     -33.2831
     169     -33.9584
     170     -43.4673
     171     -31.0253
     172     -35.8796
     173     -39.2315
     174     -36.3136
     175     -29.5969
     176     -39.7955
     177     -25.7383
     178     -35.9325
     179     -28.3461
     180     -31.3914
     181     -32.9684
     182     -37.4204
     183     -22.1721
     184     -19.0069
     185     -20.3442
     186     -26.0313
     187     -26.0334
     188     -35.8696
     189     -25.4744
     190     -38.6313
     191     -34.4878
     192     -37.7278
     193     -40.4131
     194     -44.7482
     195     -37.1077
     196     -42.3133
     197     -38.0868
     198     -42.2330
     199     -34.1751
     200     -39.2650
