#Frame      Dih_00002
       1     -19.5956
       2     -36.4067
       3     -27.6976
       4     -14.7155
       5     -19.2114
       6     -29.6276
       7     -36.1459
       8     -35.8827
       9     -24.3995
      10     -23.3079
      11     -22.7696
      12     -29.4089
      13     -33.4192
      14     -30.5308
      15     -26.4283
      16     -29.2872
      17     -22.6959
      18      -7.7555
      19      -5.5960
      20      -5.0864
      21       4.9946
      22       0.3742
      23     -14.7131
      24     -15.1884
      25     -28.9172
      26     -28.7750
      27     -18.1471
      28     -22.3448
      29     -19.0822
      30     -26.6765
      31     -15.5977
      32     -19.7610
      33     -23.9223
      34     -15.7895
      35       6.8237
      36      13.0683
      37      20.1239
      38      12.9441
      39      25.4769
      40      41.1204
      41      38.3226
      42      44.3183
      43      39.1129
      44      19.4470
      45      27.3004
      46      30.2112
      47      34.8480
      48      41.4409
      49      30.6281
      50      33.8258
      51      39.8213
      52      48.0879
      53      38.2193
      54      33.2286
      55      39.0358
      56      22.3490
      57      29.8408
      58      31.6475
      59      38.8330
      60      40.8047
      61      39.1950
      62      31.2256
      63      28.4287
      64      40.0607
      65      36.5028
      66      39.2203
      67      17.8959
      68      37.6078
      69      46.1919
      70      28.2650
      71      32.5472
      72      28.1476
      73      24.2630
      74       7.5024
      75      15.4827
      76      30.2917
      77      27.8779
      78      35.1218
      79      33.0215
      80      32.6055
      81      25.2570
      82      26.1782
      83      38.4314
      84      45.4702
      85      30.9604
      86      28.7799
      87      31.1603
      88      42.4225
      89      31.6941
      90      27.5637
      91      28.8894
      92      18.8399
      93      29.3811
      94      44.4043
      95      39.6514
      96      25.1850
      97      16.4031
      98      21.2064
      99      32.0204
     100      40.0510
     101      34.2125
     102      34.9533
     103      30.9611
     104      34.1393
     105      30.5421
     106      37.1844
     107      39.3061
     108      36.3583
     109      35.0798
     110      38.2159
     111      33.6668
     112      22.4439
     113      27.6179
     114      28.2039
     115      21.1257
     116      33.3849
     117      18.4796
     118      14.8796
     119      25.7462
     120      37.2565
     121      40.3380
     122      38.5304
     123      36.3722
     124      32.1547
     125      22.7535
     126      31.6255
     127      29.2016
     128      16.5131
     129      19.8280
     130      36.4296
     131      25.7010
     132      23.1300
     133      44.0843
     134      38.5829
     135      35.6701
     136      24.0165
     137      27.2452
     138      25.0729
     139      18.9047
     140      30.3100
     141      16.8354
     142      23.6752
     143      25.9589
     144      36.4379
     145      40.0056
     146      35.6203
     147      25.9773
     148      24.4568
     149      36.0969
     150      39.3500
     151      29.2399
     152      43.7567
     153      39.4041
     154      31.7820
     155      33.0818
     156      30.3811
     157      19.4950
     158      30.9127
     159      30.1749
     160      24.6803
     161      22.5671
     162      24.2401
     163      31.9939
     164      32.0332
     165      32.3665
     166      32.2577
     167      38.2065
     168      44.8495
     169      40.6995
     170      47.4578
     171      37.8880
     172      43.1822
     173      37.1798
     174      41.2186
     175      35.0667
     176      36.2053
     177      41.1970
     178      39.3178
     179      27.3108
     180      32.4818
     181      30.9060
     182      37.7605
     183      32.2286
     184      33.8596
     185      30.8069
     186      38.4001
     187      31.8891
     188      35.8977
     189      32.2276
     190      37.9112
     191      36.2146
     192      46.9158
     193      38.0999
     194      29.5138
     195      35.5562
     196      28.2815
     197      32.1081
     198      30.1184
     199      21.5408
     200      19.0303
