#Frame      Dih_00003
       1      33.9435
       2      42.6991
       3      45.1586
       4      28.7491
       5      35.1240
       6      40.4936
       7      44.5913
       8      39.2542
       9      36.0387
      10      36.7058
      11      39.8737
      12      41.3416
      13      41.4781
      14      44.6512
      15      34.0022
      16      32.4857
      17      31.5122
      18      24.3593
      19      16.6005
      20      12.9686
      21       9.1466
      22      11.4602
      23      24.4027
      24      23.7636
      25      35.7236
      26      38.1522
      27      29.1566
      28      27.9322
      29      29.9792
      30      34.3680
      31      26.9023
      32      31.3914
      33      27.5187
      34      17.1225
      35      11.7635
      36      10.9688
      37      -2.8640
      38      14.0907
      39      -1.2634
      40     -16.6384
      41     -21.7412
      42     -20.6337
      43     -30.9937
      44     -13.8889
      45     -20.8663
      46     -17.3734
      47     -21.2272
      48     -38.2805
      49     -27.6508
      50     -27.1563
      51     -38.5982
      52     -38.6265
      53     -36.7287
      54     -26.8838
      55     -29.7802
      56     -13.5066
      57     -18.3554
      58     -28.2886
      59     -28.6734
      60     -39.0674
      61     -33.3362
      62     -23.9207
      63     -17.1214
      64     -28.8198
      65     -22.2965
      66     -32.7084
      67      -7.4881
      68     -22.9249
      69     -41.1119
      70     -18.6524
      71     -16.4187
      72      -8.1199
      73      -8.6009
      74       7.1926
      75      -1.4839
      76     -15.0308
      77     -26.5159
      78     -29.3643
      79     -27.6475
      80     -34.5205
      81     -29.0181
      82     -20.0383
      83     -27.7427
      84     -28.5627
      85     -20.9600
      86     -21.7764
      87     -25.4307
      88     -41.6577
      89     -29.5724
      90     -20.7676
      91     -25.6975
      92     -15.9444
      93     -19.5985
      94     -24.7891
      95     -22.5612
      96     -11.0828
      97      -2.0467
      98     -14.1814
      99     -28.7388
     100     -29.7543
     101     -27.7518
     102     -26.7984
     103     -29.7753
     104     -22.3667
     105     -15.7379
     106     -20.5246
     107     -30.5920
     108     -38.2687
     109     -24.3803
     110     -31.5632
     111     -30.0402
     112     -33.2770
     113     -26.1406
     114     -26.5879
     115     -18.3422
     116     -20.7998
     117      -7.1995
     118      -5.2342
     119     -16.2042
     120     -32.4298
     121     -38.6009
     122     -22.2632
     123     -21.8032
     124     -34.8953
     125     -21.0403
     126     -24.4530
     127     -36.7338
     128     -16.1589
     129     -21.1802
     130     -36.5274
     131     -27.8352
     132     -26.7882
     133     -33.8901
     134     -39.9990
     135     -30.3099
     136     -17.2053
     137     -16.9937
     138     -18.9905
     139     -17.3219
     140     -17.8078
     141      -4.0331
     142     -14.1318
     143     -28.5033
     144     -27.6761
     145     -33.0636
     146     -31.9419
     147     -27.4229
     148     -17.6552
     149     -20.6357
     150     -28.2180
     151     -33.7151
     152     -29.0493
     153     -20.6720
     154     -11.4141
     155     -34.2934
     156     -20.6332
     157     -17.0680
     158     -23.0792
     159      -4.4624
     160       0.3460
     161      -9.5929
     162     -10.5459
     163     -13.9699
     164     -17.6112
     165     -17.2010
     166     -23.3189
     167     -35.1259
     168     -36.2971
     169     -29.4742
     170     -34.3649
     171     -27.7936
     172     -32.5157
     173     -20.3601
     174     -31.2861
     175     -26.5341
     176     -19.0650
     177     -38.6997
     178     -25.4578
     179     -16.1631
     180     -21.4315
     181     -16.7309
     182     -24.0487
     183     -28.2804
     184     -32.1957
     185     -29.0234
     186     -33.8927
     187     -22.1794
     188     -22.9050
     189     -25.6038
     190     -22.1105
     191     -25.1650
     192     -37.0760
     193     -21.9918
     194      -3.9059
     195     -20.0896
     196      -7.5338
     197     -14.7101
     198      -9.8276
     199      -0.8114
     200       6.6384
