#Frame      Dih_00004
       1     -35.9070
       2     -37.0250
       3     -46.9914
       4     -33.6269
       5     -40.3020
       6     -38.5185
       7     -38.1986
       8     -31.1555
       9     -36.8086
      10     -37.8720
      11     -40.9283
      12     -42.3090
      13     -35.4819
      14     -40.3674
      15     -30.4737
      16     -29.5263
      17     -31.7645
      18     -33.1651
      19     -22.4216
      20     -17.7364
      21     -20.3081
      22     -20.1969
      23     -28.6289
      24     -25.8143
      25     -30.4386
      26     -37.5493
      27     -31.5337
      28     -24.3698
      29     -31.0869
      30     -32.2866
      31     -29.6259
      32     -29.4264
      33     -23.8492
      34     -14.1255
      35     -26.6135
      36     -30.4715
      37     -15.5837
      38     -36.6347
      39     -24.0571
      40     -13.9785
      41      -2.0695
      42      -7.2897
      43      14.5629
      44       4.1481
      45       8.0673
      46       1.4106
      47       0.8069
      48      21.2944
      49      17.8988
      50      12.1599
      51      26.1526
      52      20.5132
      53      27.2044
      54      12.0787
      55      10.1853
      56       0.2088
      57       1.2560
      58      17.5465
      59      13.4136
      60      28.9094
      61      17.1454
      62       9.3206
      63       1.7970
      64       6.7384
      65       4.1913
      66      13.9662
      67      -5.2493
      68       2.0169
      69      22.2172
      70       1.9903
      71      -7.3739
      72     -15.1808
      73      -9.3248
      74     -20.2843
      75     -13.1780
      76      -5.5571
      77      15.4557
      78      14.5059
      79      18.0215
      80      26.8580
      81      25.3358
      82       8.5124
      83       6.9678
      84       4.0353
      85       1.9663
      86       6.0366
      87      14.5125
      88      25.7869
      89      20.5842
      90       8.8549
      91      13.2407
      92       8.8613
      93       3.9788
      94      -1.8901
      95      -2.9374
      96      -7.2129
      97     -12.2790
      98       1.9303
      99      18.6250
     100      10.7764
     101      13.0729
     102      11.4090
     103      19.1654
     104       4.4209
     105      -5.0113
     106      -0.3997
     107      11.2905
     108      28.7888
     109       6.2493
     110      15.6333
     111      15.6607
     112      31.9305
     113      18.4806
     114      17.0105
     115      10.5841
     116       2.4974
     117      -6.7340
     118      -6.0273
     119       2.1282
     120      17.3667
     121      25.1649
     122      -1.0585
     123       3.0889
     124      23.9168
     125      12.5972
     126      12.5539
     127      30.2160
     128      10.6089
     129      17.6425
     130      23.9957
     131      25.0490
     132      22.9839
     133      15.3069
     134      31.1791
     135      15.7302
     136       6.0277
     137       1.4324
     138       7.4047
     139      10.2590
     140      -0.3450
     141     -10.0668
     142       0.4373
     143      21.0754
     144      13.2293
     145      16.7226
     146      18.4327
     147      20.4630
     148       4.5533
     149      -2.2754
     150       9.8292
     151      28.0240
     152       5.0492
     153      -5.0328
     154     -11.7622
     155      26.0167
     156       5.5697
     157       9.4721
     158       5.9691
     159     -21.4955
     160     -25.0281
     161      -6.5495
     162      -5.3607
     163      -7.0151
     164      -1.3461
     165      -5.9148
     166       9.2163
     167      22.6713
     168      15.7342
     169      11.0132
     170      10.2053
     171      11.9599
     172      11.5940
     173      -2.8410
     174      12.1417
     175       8.9476
     176      -4.0255
     177      24.8064
     178       6.3968
     179       0.1817
     180       2.1445
     181      -1.4974
     182       3.5788
     183      15.8039
     184      23.0147
     185      19.4465
     186      20.7595
     187       6.5232
     188       2.6016
     189       9.6902
     190       2.0019
     191       7.1052
     192      16.7010
     193      -1.2791
     194     -21.4920
     195      -2.2648
     196     -16.5097
     197      -7.1098
     198     -13.8191
     199     -21.7203
     200     -29.0869
