#Frame      Dih_00005
       1      23.0638
       2      17.2790
       3      29.8649
       4      26.3629
       5      28.6744
       6      22.6022
       7      17.3511
       8       9.8625
       9      20.7160
      10      25.9284
      11      30.7454
      12      23.1479
      13      13.8492
      14      22.7734
      15      13.7985
      16      10.2570
      17      19.2117
      18      29.8628
      19      20.1161
      20      14.7525
      21      23.6022
      22      21.0908
      23      20.2799
      24      17.2979
      25      14.1502
      26      19.7629
      27      21.6394
      28      13.6260
      29      19.1983
      30      16.3650
      31      21.2990
      32      19.9205
      33      10.1195
      34       4.3404
      35      33.4710
      36      40.5810
      37      29.3348
      38      46.6192
      39      42.9022
      40      41.6458
      41      24.7794
      42      34.5261
      43      10.8131
      44       8.2345
      45       8.2496
      46      18.0321
      47      21.9508
      48       4.4661
      49       2.1928
      50       8.5750
      51      -2.1426
      52       8.3415
      53      -3.6682
      54       8.4462
      55      15.0603
      56      15.3219
      57      18.0980
      58       2.3317
      59       8.9508
      60      -3.3413
      61       6.4997
      62      10.1148
      63      15.1403
      64      19.5835
      65      18.1263
      66      10.7505
      67      17.5681
      68      21.5092
      69       7.1895
      70      16.4525
      71      31.1011
      72      34.3384
      73      27.8835
      74      26.6605
      75      22.8279
      76      25.6785
      77       3.0799
      78       7.3338
      79       1.7734
      80      -6.9780
      81      -9.6611
      82       9.4012
      83      19.5102
      84      24.8130
      85      19.8099
      86      12.8565
      87       3.5896
      88       1.7160
      89      -0.8706
      90       8.9405
      91       5.4469
      92       3.5481
      93      13.5921
      94      30.4730
      95      30.2456
      96      24.8841
      97      22.0284
      98      11.5649
      99       0.7201
     100      15.3773
     101       9.0245
     102      10.8288
     103       0.2878
     104      18.2668
     105      25.1905
     106      24.6378
     107      14.6631
     108      -5.7387
     109      17.3258
     110       8.1822
     111       5.6323
     112     -19.3599
     113      -1.8649
     114       1.5024
     115       2.0838
     116      20.8425
     117      20.2933
     118      16.2271
     119      14.2602
     120       7.1170
     121       0.7329
     122      27.9468
     123      19.6672
     124      -3.8931
     125       1.6883
     126       6.8282
     127     -11.6230
     128      -0.1144
     129      -6.4976
     130       0.5971
     131      -9.0802
     132      -9.7357
     133      11.8498
     134      -6.9102
     135       7.4544
     136       8.6177
     137      17.8158
     138       8.3589
     139       2.2297
     140      19.4330
     141      20.9383
     142      14.5768
     143      -3.6496
     144       9.0897
     145       8.3220
     146       3.7070
     147      -5.5675
     148      11.4678
     149      28.7518
     150      15.9272
     151     -11.3299
     152      24.1642
     153      33.1517
     154      32.4735
     155      -7.0344
     156      13.1577
     157       3.0955
     158      14.7962
     159      39.8528
     160      42.6621
     161      22.8110
     162      21.1771
     163      27.1169
     164      21.4768
     165      29.3679
     166      10.2882
     167       2.2917
     168      11.0262
     169      14.5112
     170      20.4122
     171      10.6907
     172      16.1015
     173      26.8319
     174      15.0412
     175      12.8981
     176      27.1924
     177       0.3714
     178      18.1431
     179      17.3385
     180      18.5438
     181      21.1297
     182      21.5638
     183       3.9777
     184      -2.6242
     185       0.2241
     186       2.7441
     187      12.7573
     188      20.1291
     189       9.9751
     190      22.1365
     191      16.8313
     192      12.9986
     193      26.7467
     194      40.0843
     195      25.0821
     196      36.2398
     197      30.3532
     198      35.5482
     199      34.7410
     200      41.9825
