#Frame      Dih_00099
       1     -38.7170
       2     -45.2955
       3     -37.4048
       4     -28.0785
       5     -31.1925
       6     -38.4086
       7     -41.7694
       8     -41.7656
       9     -47.0503
      10     -45.7011
      11     -34.4975
      12     -35.9969
      13     -37.4980
      14     -34.1234
      15     -40.6829
      16     -39.6451
      17     -46.8239
      18     -36.4348
      19     -37.4395
      20     -40.7562
      21     -39.6387
      22     -44.5206
      23     -36.1253
      24     -37.7280
      25     -36.6432
      26     -40.2160
      27     -44.9458
      28     -42.9775
      29     -33.1478
      30     -41.2096
      31     -43.5669
      32     -44.8971
      33     -34.8091
      34     -44.1823
      35     -39.5472
      36     -40.8012
      37     -32.1144
      38     -32.6337
      39     -36.2727
      40     -34.4350
      41     -39.5328
      42     -36.5999
      43     -34.2899
      44     -35.9390
      45     -43.2898
      46     -38.4479
      47     -38.9201
      48     -31.4113
      49     -41.8818
      50     -45.4087
      51     -43.1960
      52     -46.6164
      53     -45.1738
      54     -37.7266
      55     -38.2798
      56     -33.4349
      57     -44.4752
      58     -42.9397
      59     -42.7314
      60     -45.7774
      61     -42.0215
      62     -44.8412
      63     -43.9606
      64     -42.8840
      65     -38.3880
      66     -50.6500
      67     -44.3325
      68     -37.6586
      69     -39.9805
      70     -47.4032
      71     -37.0639
      72     -43.5145
      73     -37.7266
      74     -38.6753
      75     -48.0073
      76     -41.0954
      77     -35.5520
      78     -39.7673
      79     -41.4486
      80     -36.5736
      81     -43.6437
      82     -44.1681
      83     -41.2117
      84     -44.4254
      85     -41.5871
      86     -36.6069
      87     -37.5548
      88     -42.3985
      89     -41.8894
      90     -34.4052
      91     -42.2155
      92     -38.0971
      93     -33.2424
      94     -39.5193
      95     -37.4430
      96     -50.0351
      97     -32.6529
      98     -34.7102
      99     -35.5904
     100     -34.5744
     101     -37.1456
     102     -27.0974
     103     -43.1792
     104     -32.8850
     105     -31.9933
     106     -34.8416
     107     -32.6706
     108     -42.8297
     109     -30.2616
     110     -42.6605
     111     -36.1959
     112     -31.2880
     113     -42.9436
     114     -38.8015
     115     -32.4761
     116     -29.1235
     117     -40.2582
     118     -43.1143
     119     -35.7120
     120     -37.9006
     121     -28.1370
     122     -45.1590
     123     -36.2666
     124     -33.6954
     125     -41.8205
     126     -35.8244
     127     -45.1699
     128     -41.6410
     129     -34.5383
     130     -37.7009
     131     -41.8876
     132     -44.4295
     133     -41.9886
     134     -32.5340
     135     -43.0096
     136     -32.2063
     137     -41.7384
     138     -25.2826
     139     -36.5753
     140     -40.3240
     141     -27.7070
     142     -38.0529
     143     -37.7736
     144     -29.0541
     145     -42.8154
     146     -44.2416
     147     -38.7078
     148     -32.5374
     149     -34.4128
     150     -41.1970
     151     -36.1131
     152     -45.5790
     153     -42.3416
     154     -30.7780
     155     -30.9487
     156     -39.2278
     157     -41.5491
     158     -34.6574
     159     -43.1352
     160     -29.4239
     161     -38.3600
     162     -37.8755
     163     -36.1405
     164     -41.5601
     165     -40.9242
     166     -41.3034
     167     -38.8684
     168     -27.8091
     169     -44.5253
     170     -37.4995
     171     -35.1162
     172     -31.1410
     173     -39.0024
     174     -36.1003
     175     -37.8889
     176     -31.6425
     177     -45.4265
     178     -38.8070
     179     -37.4369
     180     -36.8434
     181     -35.5288
     182     -34.2637
     183     -36.6830
     184     -43.0771
     185     -39.6871
     186     -46.7870
     187     -42.2335
     188     -28.7117
     189     -43.7166
     190     -47.1502
     191     -42.8708
     192     -32.0460
     193     -39.8247
     194     -46.8049
     195     -44.6686
     196     -38.2926
     197     -41.2496
     198     -44.8646
     199     -42.6638
     200     -40.9859
