#Frame      Dih_00100
       1      28.8197
       2      23.3479
       3      37.1757
       4      20.5004
       5      16.7648
       6      15.0906
       7      24.3030
       8      31.2713
       9      29.7293
      10      26.0740
      11      22.5554
      12      24.5194
      13      29.9216
      14      23.4442
      15      28.2763
      16      28.0037
      17      33.2748
      18      26.9719
      19      25.4297
      20      26.8462
      21      26.2482
      22      32.6334
      23      19.6787
      24      16.0977
      25      17.3222
      26      29.2777
      27      32.3356
      28      27.9261
      29      10.5182
      30      20.3418
      31      24.9911
      32      27.8915
      33      25.3833
      34      32.5095
      35      26.3841
      36      27.8149
      37      16.0145
      38      15.6301
      39      21.9434
      40      18.6217
      41      24.8481
      42      17.2698
      43      18.0760
      44      18.3156
      45      27.1019
      46      29.3577
      47      14.2643
      48      14.6497
      49      31.6160
      50      33.8171
      51      33.4218
      52      36.4508
      53      31.1907
      54      19.8437
      55      34.1180
      56      27.4987
      57      28.5870
      58      21.3255
      59      27.6620
      60      23.3974
      61      28.1449
      62      28.6121
      63      33.5636
      64      30.4222
      65      23.2345
      66      40.9770
      67      33.1005
      68      20.5569
      69      32.2871
      70      41.7969
      71      25.9851
      72      28.0317
      73      30.7474
      74      27.2278
      75      36.3565
      76      25.6652
      77      26.6739
      78      28.9441
      79      26.5055
      80      28.0179
      81      33.1497
      82      32.2388
      83      26.5309
      84      30.3929
      85      29.0571
      86      28.5655
      87      23.6163
      88      29.3065
      89      34.3916
      90      24.4969
      91      29.2995
      92      26.0679
      93      21.5199
      94      21.1279
      95      28.5702
      96      36.9947
      97      17.2177
      98      20.6082
      99      22.9121
     100      18.4108
     101      24.5414
     102       9.5412
     103      28.1662
     104      17.0216
     105      15.5114
     106      18.1390
     107      20.9315
     108      32.8158
     109       9.2156
     110      29.9147
     111      22.5395
     112      21.5404
     113      31.1379
     114      13.3328
     115       8.1766
     116      13.2866
     117      24.4813
     118      23.4389
     119      16.7644
     120      24.6935
     121      11.9152
     122      30.9199
     123      22.2169
     124      21.2221
     125      32.1220
     126      27.2823
     127      26.5926
     128      32.0293
     129      22.7784
     130      27.0797
     131      30.5769
     132      39.2992
     133      31.6562
     134      17.7443
     135      28.9484
     136      12.7646
     137      32.2475
     138      15.1109
     139      23.3566
     140      27.7910
     141      11.3362
     142      23.1457
     143      29.5255
     144      13.6783
     145      30.4097
     146      26.4101
     147      27.2062
     148      20.7020
     149      23.9149
     150      32.3219
     151      15.5798
     152      33.3520
     153      28.6843
     154      12.8437
     155      18.3635
     156      22.6288
     157      34.5925
     158      16.8977
     159      32.1340
     160      14.1071
     161      28.3594
     162      29.9161
     163      26.5977
     164      38.4716
     165      38.5779
     166      32.3143
     167      27.0029
     168       3.3248
     169      33.8259
     170      24.7479
     171      24.7342
     172      20.4771
     173      28.7066
     174      26.3390
     175      23.5888
     176      19.4317
     177      32.8742
     178      28.6979
     179      19.6097
     180      24.1761
     181      23.7399
     182      20.9276
     183      19.7414
     184      28.6856
     185      24.4864
     186      40.7803
     187      29.0236
     188      20.7167
     189      32.1989
     190      37.1980
     191      33.7521
     192      17.2064
     193      28.8932
     194      37.2929
     195      24.2502
     196      22.2245
     197      30.1288
     198      37.1701
     199      34.2171
     200      24.4888
