#Frame      Dih_00097
       1     -21.4736
       2     -33.4156
       3      -4.0862
       4     -13.6706
       5     -24.5618
       6     -37.5085
       7     -30.6011
       8     -20.8593
       9     -27.8102
      10     -32.8052
      11     -27.6538
      12     -19.5481
      13     -14.3262
      14     -20.3610
      15     -24.4775
      16     -22.8006
      17     -27.5651
      18     -14.6825
      19     -20.6102
      20     -22.1223
      21     -25.6935
      22     -26.0876
      23     -28.6556
      24     -35.3187
      25     -32.2811
      26     -20.4318
      27     -25.0202
      28     -29.9010
      29     -37.4792
      30     -34.5578
      31     -28.2333
      32     -30.5113
      33     -15.3416
      34     -17.6295
      35     -19.7409
      36     -20.4319
      37     -25.0479
      38     -29.4789
      39     -25.2061
      40     -28.0640
      41     -27.3247
      42     -33.4893
      43     -27.9982
      44     -30.0184
      45     -29.0242
      46     -18.8588
      47     -37.5191
      48     -26.7803
      49     -20.5399
      50     -24.6819
      51     -20.0241
      52     -18.9459
      53     -23.5803
      54     -27.1680
      55      -8.5932
      56     -11.7697
      57     -26.5459
      58     -35.2741
      59     -30.2352
      60     -36.4160
      61     -23.2721
      62     -29.9199
      63     -15.0783
      64     -22.1433
      65     -24.2160
      66     -19.2275
      67     -14.9631
      68     -26.7525
      69     -15.3199
      70     -15.9028
      71     -21.6047
      72     -27.4438
      73     -14.7740
      74     -23.6724
      75     -22.4558
      76     -25.5803
      77     -18.4179
      78     -20.5331
      79     -25.8192
      80     -14.8097
      81     -16.9004
      82     -22.1568
      83     -23.8730
      84     -20.5474
      85     -22.5530
      86     -12.5116
      87     -23.3651
      88     -23.0492
      89     -19.0997
      90     -20.9657
      91     -23.8280
      92     -23.6920
      93     -21.8014
      94     -31.5101
      95     -17.6708
      96     -23.4459
      97     -23.7258
      98     -22.7740
      99     -20.7138
     100     -27.5140
     101     -21.5449
     102     -29.7389
     103     -25.3569
     104     -28.5669
     105     -32.1411
     106     -28.9759
     107     -21.6147
     108     -18.8845
     109     -32.4253
     110     -21.1824
     111     -26.1511
     112     -15.8906
     113     -19.1981
     114     -39.0680
     115     -41.8796
     116     -25.4671
     117     -23.9308
     118     -31.0393
     119     -33.8536
     120     -23.8263
     121     -26.8095
     122     -22.2490
     123     -23.9045
     124     -20.8599
     125     -18.7773
     126     -13.7167
     127     -29.6416
     128     -16.5542
     129     -22.2828
     130     -17.8589
     131     -20.7602
     132     -16.4943
     133     -21.7196
     134     -24.1166
     135     -24.2165
     136     -30.3026
     137     -17.4479
     138     -20.4784
     139     -23.7363
     140     -23.4761
     141     -28.6385
     142     -22.1337
     143     -14.8638
     144     -29.2910
     145     -24.4494
     146     -29.9453
     147     -19.1535
     148     -18.4763
     149     -22.8919
     150     -17.1049
     151     -33.3773
     152     -24.4448
     153     -23.4742
     154     -29.6741
     155     -21.0970
     156     -27.1180
     157     -17.2428
     158     -30.5813
     159     -25.3480
     160     -27.9114
     161     -18.3314
     162     -14.9648
     163     -17.7271
     164     -11.2058
     165      -8.1401
     166     -18.6273
     167     -19.9613
     168     -40.8385
     169     -16.6979
     170     -21.5687
     171     -22.2278
     172     -19.3501
     173     -19.7700
     174     -17.7133
     175     -21.9169
     176     -20.3398
     177     -20.2288
     178     -19.7939
     179     -31.2443
     180     -23.6856
     181     -18.4747
     182     -25.1789
     183     -30.9022
     184     -25.9360
     185     -26.5335
     186     -14.7316
     187     -24.5786
     188     -17.4607
     189     -23.9131
     190     -17.8271
     191     -15.0083
     192     -24.0212
     193     -21.7856
     194     -20.7214
     195     -33.5129
     196     -28.5659
     197     -21.2629
     198     -12.5938
     199     -19.4183
     200     -30.6280
