#Frame      Dih_00098
       1      37.1801
       2      45.7039
       3      24.1643
       4      23.7391
       5      31.5765
       6      44.1290
       7      43.6299
       8      36.4342
       9      43.6389
      10      45.8962
      11      38.2124
      12      32.5900
      13      30.7973
      14      31.9263
      15      40.1934
      16      37.0555
      17      44.2949
      18      29.0060
      19      33.5080
      20      37.1956
      21      39.1436
      22      42.0555
      23      38.3854
      24      43.0509
      25      37.9393
      26      36.7515
      27      41.4034
      28      43.4635
      29      41.7205
      30      44.6009
      31      43.5137
      32      43.4083
      33      29.9383
      34      35.7333
      35      34.0476
      36      36.8532
      37      33.0093
      38      34.6883
      39      35.2054
      40      36.9371
      41      39.3987
      42      38.7054
      43      36.2548
      44      40.6030
      45      42.9844
      46      33.4949
      47      44.7701
      48      35.3152
      49      36.7531
      50      40.8796
      51      37.9536
      52      38.3608
      53      39.1246
      54      37.7954
      55      26.5203
      56      26.0843
      57      39.8022
      58      44.9191
      59      44.0285
      60      43.1072
      61      36.6428
      62      46.0536
      63      32.6987
      64      36.1559
      65      38.5717
      66      38.9962
      67      35.4123
      68      38.4166
      69      32.0651
      70      38.4190
      71      35.1181
      72      41.2418
      73      31.2301
      74      38.0215
      75      41.5159
      76      39.8364
      77      32.3878
      78      34.8327
      79      39.8953
      80      30.8781
      81      33.4461
      82      39.9797
      83      37.6330
      84      37.6031
      85      37.9700
      86      29.5796
      87      34.0799
      88      38.9302
      89      36.5431
      90      32.5116
      91      39.5564
      92      34.6643
      93      34.0084
      94      41.3509
      95      33.3241
      96      45.4398
      97      32.6269
      98      33.3181
      99      35.2889
     100      34.3247
     101      36.1463
     102      33.4359
     103      40.5657
     104      38.1255
     105      38.1519
     106      36.6747
     107      32.3714
     108      36.9766
     109      35.8034
     110      36.3807
     111      36.1850
     112      26.7838
     113      36.2596
     114      46.5572
     115      43.3381
     116      31.7745
     117      38.7823
     118      43.5221
     119      40.4082
     120      36.0616
     121      32.0316
     122      38.6209
     123      35.8841
     124      31.9350
     125      34.8133
     126      28.6348
     127      42.6779
     128      34.8714
     129      34.2961
     130      31.4422
     131      35.6660
     132      39.0768
     133      36.7099
     134      33.4889
     135      37.8826
     136      35.6168
     137      36.2616
     138      27.9945
     139      35.1274
     140      36.4844
     141      33.9614
     142      34.3208
     143      31.5157
     144      33.7419
     145      41.4137
     146      46.1201
     147      33.8790
     148      29.0704
     149      35.3240
     150      33.5368
     151      41.7581
     152      42.4569
     153      38.6049
     154      33.8789
     155      31.4955
     156      37.0586
     157      33.9792
     158      38.7072
     159      40.6352
     160      33.5175
     161      33.4579
     162      30.1811
     163      34.3319
     164      32.5117
     165      29.0608
     166      34.9975
     167      34.0334
     168      40.9010
     169      35.7747
     170      33.5541
     171      35.1076
     172      28.8753
     173      34.8899
     174      31.3120
     175      35.3068
     176      28.9611
     177      38.6438
     178      34.8600
     179      36.7183
     180      36.2460
     181      32.2054
     182      35.4171
     183      39.4856
     184      43.1610
     185      40.6525
     186      37.2643
     187      37.5760
     188      28.8880
     189      38.9482
     190      38.0350
     191      34.5280
     192      33.4528
     193      35.0114
     194      42.6577
     195      42.7222
     196      38.4957
     197      36.5389
     198      32.3665
     199      36.4203
     200      42.3502
