#Frame      Dih_00096
       1      -5.3527
       2       7.2493
       3     -20.0733
       4      -3.9943
       5       5.2509
       6      14.0398
       7       3.3342
       8      -6.1791
       9      -0.5244
      10       4.5234
      11       2.9394
      12      -2.5679
      13      -9.0485
      14      -2.3473
      15      -1.0379
      16      -3.5555
      17      -3.6819
      18      -7.0142
      19      -3.0552
      20      -2.0647
      21       0.3493
      22      -3.7210
      23       5.9329
      24      11.8437
      25       9.2914
      26      -6.0076
      27      -4.8907
      28       0.9668
      29      16.3656
      30       9.4689
      31       2.3999
      32       1.5890
      33      -6.4326
      34      -8.1163
      35      -3.8885
      36      -5.9258
      37       6.7440
      38       9.2767
      39       2.3850
      40       6.2829
      41       1.4523
      42      11.7811
      43       6.7014
      44       8.8923
      45       2.2788
      46      -5.9798
      47      15.2977
      48       8.2459
      49      -7.2586
      50      -4.9465
      51      -8.4733
      52     -10.9078
      53      -4.2014
      54       4.8014
      55     -15.2425
      56      -9.4212
      57      -2.3264
      58       9.8496
      59       0.8705
      60       8.1935
      61      -2.2500
      62       0.0938
      63     -11.7163
      64      -4.3709
      65       0.4548
      66     -12.3784
      67     -11.3318
      68       3.2857
      69     -10.3014
      70     -15.6982
      71      -3.0858
      72       0.0837
      73      -9.4132
      74      -1.9095
      75      -7.5136
      76      -0.3473
      77      -4.8931
      78      -4.9037
      79      -0.1720
      80      -8.3430
      81      -9.3463
      82      -5.3736
      83      -1.3756
      84      -6.2818
      85      -3.2109
      86     -10.3123
      87       1.2599
      88      -3.4146
      89      -9.4798
      90      -1.1899
      91      -2.9230
      92      -1.0566
      93       0.3417
      94       6.9717
      95      -6.5166
      96      -9.2457
      97       4.8283
      98       2.0890
      99      -2.1192
     100       7.0948
     101      -2.5114
     102      13.2046
     103      -1.4689
     104       7.0388
     105       9.6673
     106       6.5527
     107       0.3657
     108      -9.6419
     109      15.2443
     110      -5.8555
     111       2.6952
     112      -3.5973
     113      -7.0124
     114      16.3290
     115      22.8860
     116       7.6552
     117      -0.0947
     118       5.4839
     119      11.1642
     120      -0.5076
     121       9.6910
     122      -5.5041
     123       1.3393
     124       0.1636
     125      -8.1225
     126      -7.2983
     127       1.5648
     128      -8.2075
     129      -0.8543
     130      -4.5666
     131      -6.6578
     132     -13.7967
     133      -5.9838
     134       4.7498
     135      -2.2434
     136      11.1114
     137      -8.7891
     138       3.1678
     139       0.9760
     140      -2.2572
     141      10.7420
     142      -0.2936
     143      -8.9285
     144       9.4776
     145      -3.7106
     146       2.4220
     147      -4.8943
     148      -0.5046
     149      -0.7412
     150      -8.3406
     151      11.6673
     152      -4.9775
     153      -2.3921
     154      11.0798
     155       1.3564
     156       3.0612
     157     -10.4539
     158       8.4804
     159      -3.8049
     160       8.1011
     161      -5.8256
     162      -9.1791
     163      -5.2706
     164     -16.6495
     165     -18.0319
     166      -8.1454
     167      -4.1661
     168      23.3958
     169     -10.9755
     170      -1.5727
     171      -1.1757
     172      -0.1378
     173      -5.0001
     174      -4.9295
     175      -0.6560
     176       0.4732
     177      -7.4211
     178      -5.4639
     179       8.3917
     180       0.3898
     181      -2.9497
     182       2.4779
     183       6.8258
     184      -1.3489
     185       1.3914
     186     -16.9502
     187      -1.6158
     188      -2.2155
     189      -4.5231
     190     -11.8038
     191     -11.8046
     192       4.9147
     193      -4.1160
     194     -10.2302
     195       6.5123
     196       4.2230
     197      -6.0685
     198     -14.2705
     199      -8.3190
     200       3.5814
