#Frame      Dih_00103
       1      31.9569
       2      38.8909
       3      31.8208
       4      30.1006
       5      43.0646
       6      36.3121
       7      35.2300
       8      32.6760
       9      41.1265
      10      38.3875
      11      32.4311
      12      38.6923
      13      40.2964
      14      37.8103
      15      42.4652
      16      34.6075
      17      49.0913
      18      41.2195
      19      41.2761
      20      41.0848
      21      45.1164
      22      36.3842
      23      38.6788
      24      37.6189
      25      37.1458
      26      42.7629
      27      35.5881
      28      36.2841
      29      41.1598
      30      40.2861
      31      35.1514
      32      40.2376
      33      32.5636
      34      23.4441
      35      38.7152
      36      32.6852
      37      35.0443
      38      27.1703
      39      28.1744
      40      28.2399
      41      39.7927
      42      36.8731
      43      41.4208
      44      40.9076
      45      38.0240
      46      40.9859
      47      27.5270
      48      35.0272
      49      39.5289
      50      41.0277
      51      40.3701
      52      43.2914
      53      40.5330
      54      38.4454
      55      34.4809
      56      32.5093
      57      28.8482
      58      30.9695
      59      37.8409
      60      32.9668
      61      38.1361
      62      35.9921
      63      28.5837
      64      34.1907
      65      37.9909
      66      39.1025
      67      36.2349
      68      36.8639
      69      32.7406
      70      28.0112
      71      33.5700
      72      37.3642
      73      35.5492
      74      41.8425
      75      39.5327
      76      43.0008
      77      35.6090
      78      37.4356
      79      31.0709
      80      32.0743
      81      29.9454
      82      37.9436
      83      41.1182
      84      39.5349
      85      38.3208
      86      37.2455
      87      32.8029
      88      36.0870
      89      36.6382
      90      30.5106
      91      35.9798
      92      36.2663
      93      43.1831
      94      33.9454
      95      32.3796
      96      38.5807
      97      31.8800
      98      40.5834
      99      26.3248
     100      43.8489
     101      31.0541
     102      28.9626
     103      35.9170
     104      36.0551
     105      29.1529
     106      33.2712
     107      41.2150
     108      38.9479
     109      29.9263
     110      30.2225
     111      35.1794
     112      31.1527
     113      33.7608
     114      27.5784
     115      31.9632
     116      32.4748
     117      38.7011
     118      40.6417
     119      33.0524
     120      34.4174
     121      31.4459
     122      38.2798
     123      34.2416
     124      33.4524
     125      40.5366
     126      29.7715
     127      33.9241
     128      35.4089
     129      42.0952
     130      32.1644
     131      36.9848
     132      32.0891
     133      30.1177
     134      34.8271
     135      41.2105
     136      32.2709
     137      35.2645
     138      36.6391
     139      39.3889
     140      36.3269
     141      37.9870
     142      35.0883
     143      32.0449
     144      30.3844
     145      38.5317
     146      30.8643
     147      33.4337
     148      42.5353
     149      39.4225
     150      32.4165
     151      29.0993
     152      31.7514
     153      28.0447
     154      30.9548
     155      31.5247
     156      35.6963
     157      34.3449
     158      33.7679
     159      37.0885
     160      41.5712
     161      37.7598
     162      39.6105
     163      31.6807
     164      33.3332
     165      32.5975
     166      39.2604
     167      26.5531
     168      25.4693
     169      37.9854
     170      38.0754
     171      29.0611
     172      36.2323
     173      35.1952
     174      40.3743
     175      32.0333
     176      32.0834
     177      23.7025
     178      40.9322
     179      36.9495
     180      41.3210
     181      42.0626
     182      38.5871
     183      38.0654
     184      34.5572
     185      41.1427
     186      37.9259
     187      36.8126
     188      30.2309
     189      38.3257
     190      33.5754
     191      35.5446
     192      32.0649
     193      31.0805
     194      34.0203
     195      30.2950
     196      31.6690
     197      44.1653
     198      33.6581
     199      34.0909
     200      43.1270
