#Frame      Dih_00105
       1      23.5458
       2      28.0627
       3      23.2460
       4       9.3084
       5      20.7669
       6       4.1697
       7      25.9746
       8      25.9079
       9      21.7549
      10      19.2455
      11      19.2763
      12      12.7134
      13      19.1874
      14      20.5143
      15      16.8508
      16      21.5262
      17      22.7903
      18       6.7053
      19      29.0229
      20      11.5927
      21      15.4333
      22      13.2853
      23      12.1325
      24      21.6566
      25      14.9005
      26      16.4672
      27      22.1392
      28      18.9381
      29      18.4090
      30      10.5074
      31      15.5377
      32      22.1916
      33      18.0125
      34      -1.5202
      35      14.4759
      36      18.4379
      37      21.1373
      38      12.9271
      39      11.0317
      40      23.5442
      41      14.8162
      42       9.0979
      43      12.2949
      44      13.2050
      45      16.4525
      46      29.4342
      47       0.2131
      48       6.1148
      49      15.4431
      50      20.7757
      51      22.0117
      52      11.0071
      53      23.4433
      54       3.3013
      55      22.7609
      56      14.8754
      57      13.2013
      58      18.6669
      59       9.7029
      60      22.3213
      61      18.0848
      62       9.2446
      63      22.0756
      64      11.4526
      65      24.1433
      66      19.7990
      67      14.8021
      68      15.6595
      69       8.2323
      70      13.7749
      71      13.8576
      72       5.1755
      73      14.3424
      74      17.1363
      75      14.2478
      76      24.1339
      77       8.9648
      78      18.0106
      79      25.9769
      80      15.1078
      81      15.8920
      82      12.1328
      83      17.9334
      84      17.6310
      85      14.8254
      86      12.7047
      87      16.9305
      88      19.8841
      89      19.3714
      90      24.4845
      91      15.8713
      92       8.6967
      93      15.1297
      94      34.2070
      95      18.8371
      96      16.1593
      97      27.6156
      98      18.2258
      99      16.1771
     100      13.7810
     101      20.6601
     102      24.0428
     103      13.8042
     104      19.2133
     105      29.4162
     106      14.9131
     107      23.0535
     108      19.8218
     109      25.2043
     110       1.2252
     111      10.6788
     112      18.2529
     113      17.0439
     114      19.4836
     115      25.7371
     116      23.0869
     117      18.7270
     118      13.3848
     119      16.7744
     120      16.0613
     121      27.5756
     122       7.2369
     123      13.6819
     124      28.0873
     125      19.4657
     126      14.0279
     127      24.4718
     128      20.5241
     129      24.1395
     130      21.3082
     131       5.3154
     132      28.2087
     133      26.0981
     134      27.3685
     135      12.2968
     136      16.7306
     137      15.9052
     138      26.7900
     139      23.6715
     140      18.8025
     141      26.2496
     142      30.5896
     143      14.4417
     144      11.7585
     145      25.8553
     146      13.4570
     147      34.0189
     148      17.4849
     149      18.3520
     150      24.2971
     151      20.0891
     152      22.0274
     153      19.1855
     154      17.4976
     155      19.2244
     156      20.0611
     157      27.8366
     158      20.9259
     159      17.4350
     160      16.0166
     161      18.3208
     162      23.8435
     163      14.8425
     164      17.8687
     165       1.2677
     166      13.2636
     167      10.6724
     168      26.2520
     169      19.6681
     170      19.6094
     171       5.4311
     172      21.8944
     173      25.0074
     174      21.4813
     175      17.9272
     176      10.8456
     177       8.5191
     178      22.8434
     179      28.5406
     180      17.9932
     181      13.9333
     182      27.2241
     183      32.2561
     184      26.0380
     185      14.8082
     186      14.2932
     187      15.7806
     188      20.0397
     189      21.0588
     190      19.7361
     191      14.2088
     192      10.8104
     193      16.9511
     194      27.0661
     195       4.9815
     196      21.2197
     197      16.0748
     198      18.0555
     199      22.6586
     200      17.0980
