#Frame      Dih_00101
       1      -1.9141
       2      -3.4241
       3      -1.9153
       4      11.3392
       5       7.5488
       6      20.3780
       7      -1.3480
       8      -4.8934
       9       6.8015
      10       7.4811
      11       1.7577
      12      13.0180
      13       8.5910
      14       3.4081
      15      10.7965
      16       3.7797
      17       8.7332
      18      18.4989
      19      -0.3259
      20      13.8693
      21      15.7730
      22      11.1637
      23      14.0959
      24       3.6686
      25       9.5943
      26      11.3666
      27       0.9708
      28       6.0468
      29       9.1930
      30      16.3020
      31       6.9979
      32       5.0831
      33       5.2228
      34      16.3693
      35      11.1526
      36       4.1143
      37       2.7702
      38       5.4677
      39       8.8916
      40      -4.0092
      41      10.8492
      42      15.7328
      43      14.9788
      44      14.0761
      45       7.6683
      46      -2.0586
      47      17.1230
      48      17.3355
      49      11.0698
      50       4.3286
      51       5.0924
      52      18.1119
      53       2.7391
      54      21.7761
      55       0.9003
      56       7.9145
      57       4.9944
      58       2.9739
      59      15.5474
      60      -0.0983
      61       6.8247
      62      14.0399
      63      -3.9716
      64      10.8542
      65       0.4988
      66       6.4626
      67       9.7229
      68       7.8238
      69      15.0409
      70       5.0498
      71       8.7829
      72      20.4046
      73       8.9230
      74      11.3663
      75      12.4836
      76       5.6954
      77      14.0318
      78       7.6653
      79      -5.1031
      80       7.9425
      81       3.5228
      82      16.0949
      83       8.8072
      84       8.7127
      85      12.0683
      86      11.2926
      87       6.0784
      88       4.3684
      89       6.4954
      90      -5.4525
      91       9.5544
      92      14.5558
      93      13.9032
      94     -12.7441
      95       1.7081
      96       9.6500
      97      -4.6304
      98       6.1757
      99       1.1259
     100      15.0410
     101      -1.4783
     102      -4.2500
     103      11.3004
     104       5.3398
     105     -10.0877
     106       9.3842
     107       4.4973
     108       7.0134
     109      -4.5261
     110      17.7576
     111      13.0102
     112       2.2756
     113       6.3469
     114      -1.8660
     115      -3.0487
     116      -2.1299
     117       5.9255
     118      11.6912
     119       6.7043
     120       6.1308
     121      -6.8701
     122      18.7381
     123       9.4135
     124      -6.7273
     125       7.5174
     126       5.6148
     127       2.0556
     128       3.7958
     129       3.2316
     130       2.9183
     131      20.3321
     132      -4.9505
     133      -6.4263
     134      -3.5942
     135      17.0170
     136       3.6474
     137       9.7284
     138      -2.5316
     139       4.3728
     140       3.6307
     141      -2.0198
     142      -5.5043
     143       6.9725
     144       8.2147
     145      -0.8292
     146       7.8340
     147     -10.1826
     148       9.1187
     149       6.6437
     150       0.1177
     151      -1.8764
     152      -0.1741
     153      -2.0390
     154       4.4064
     155       1.7450
     156       3.8356
     157      -3.3231
     158       1.6217
     159       6.7855
     160       9.5138
     161       8.1768
     162       0.1936
     163       6.7340
     164       5.6810
     165      19.9058
     166      10.6150
     167       9.0258
     168      -9.6621
     169       4.9150
     170       4.1950
     171      13.9837
     172       2.9518
     173      -3.0096
     174       7.0390
     175       2.9777
     176       9.5290
     177       6.8249
     178       5.3566
     179      -6.5785
     180      10.1574
     181      13.2686
     182      -2.1878
     183      -6.5713
     184      -4.4555
     185      12.4640
     186      10.3554
     187       8.7903
     188      -0.2933
     189       4.0989
     190       1.2352
     191       8.9259
     192       9.8837
     193       2.5340
     194      -4.0391
     195      15.5624
     196      -0.2975
     197      13.4160
     198       3.9324
     199      -1.0633
     200      14.6003
