#Frame      Dih_00102
       1     -20.9735
       2     -22.9732
       3     -19.5778
       4     -28.0582
       5     -31.5642
       6     -35.9410
       7     -23.3578
       8     -17.6239
       9     -32.7152
      10     -28.4875
      11     -22.9660
      12     -32.0308
      13     -33.1951
      14     -26.3791
      15     -34.1118
      16     -26.8785
      17     -35.7073
      18     -37.8307
      19     -26.7343
      20     -33.7775
      21     -39.4276
      22     -31.0451
      23     -32.2622
      24     -27.3485
      25     -29.8453
      26     -34.7750
      27     -23.8564
      28     -27.9336
      29     -33.1839
      30     -35.5284
      31     -26.3614
      32     -30.4872
      33     -25.2564
      34     -24.2164
      35     -31.6815
      36     -23.9134
      37     -25.4992
      38     -20.2814
      39     -24.7935
      40     -16.4993
      41     -32.1642
      42     -34.0154
      43     -35.4172
      44     -34.5213
      45     -29.1360
      46     -26.1278
      47     -27.5163
      48     -33.0752
      49     -30.7780
      50     -29.0712
      51     -28.3079
      52     -40.2106
      53     -27.1536
      54     -37.4746
      55     -22.8445
      56     -27.0299
      57     -20.7538
      58     -22.0712
      59     -33.9858
      60     -21.0929
      61     -30.1211
      62     -32.1249
      63     -15.7675
      64     -29.1293
      65     -25.1121
      66     -29.3019
      67     -29.6079
      68     -29.4989
      69     -31.2109
      70     -22.4774
      71     -27.1339
      72     -35.3936
      73     -27.6060
      74     -34.7336
      75     -35.0213
      76     -32.2200
      77     -31.3922
      78     -29.2845
      79     -17.4953
      80     -25.8609
      81     -21.7719
      82     -35.0721
      83     -32.4281
      84     -30.9447
      85     -34.6103
      86     -31.8967
      87     -25.5083
      88     -27.0607
      89     -28.7464
      90     -16.5735
      91     -29.3564
      92     -33.3213
      93     -36.4217
      94     -14.5597
      95     -21.4728
      96     -32.0766
      97     -18.3418
      98     -30.6421
      99     -17.0952
     100     -38.1215
     101     -18.6060
     102     -16.6164
     103     -29.9293
     104     -26.5922
     105     -13.7855
     106     -28.3811
     107     -29.2830
     108     -31.0222
     109     -16.4129
     110     -30.5802
     111     -32.2312
     112     -22.4658
     113     -27.2843
     114     -17.8523
     115     -18.8291
     116     -20.9756
     117     -27.8405
     118     -32.2542
     119     -26.5543
     120     -26.0673
     121     -16.1293
     122     -35.7641
     123     -26.9374
     124     -17.0494
     125     -32.1067
     126     -22.2511
     127     -26.0092
     128     -25.8669
     129     -29.2440
     130     -22.4765
     131     -37.4199
     132     -18.3139
     133     -16.2603
     134     -20.8756
     135     -39.3774
     136     -23.6192
     137     -30.7875
     138     -23.0513
     139     -28.9553
     140     -24.6115
     141     -22.9988
     142     -20.7993
     143     -24.7173
     144     -24.3390
     145     -24.3498
     146     -26.6309
     147     -15.0514
     148     -30.9326
     149     -29.1842
     150     -21.7586
     151     -18.5283
     152     -20.3467
     153     -17.1287
     154     -22.6324
     155     -21.8075
     156     -24.5839
     157     -20.3929
     158     -23.8988
     159     -26.9463
     160     -32.3144
     161     -29.4873
     162     -25.9504
     163     -25.2571
     164     -27.6002
     165     -33.4327
     166     -31.1818
     167     -22.8287
     168     -10.5605
     169     -26.3502
     170     -25.8212
     171     -26.3775
     172     -25.1400
     173     -21.5658
     174     -30.2894
     175     -23.0498
     176     -26.6535
     177     -20.1868
     178     -29.9356
     179     -20.0972
     180     -32.0755
     181     -35.8873
     182     -24.3211
     183     -21.7822
     184     -19.3390
     185     -33.6403
     186     -30.2732
     187     -30.3424
     188     -18.8401
     189     -27.2847
     190     -21.9353
     191     -28.4991
     192     -26.9238
     193     -21.3992
     194     -20.3814
     195     -29.2472
     196     -20.8119
     197     -36.4661
     198     -22.5399
     199     -21.0538
     200     -37.4817
