#Frame      Dih_00104
       1     -33.9395
       2     -42.4493
       3     -34.1351
       4     -25.7051
       5     -40.2571
       6     -26.9806
       7     -38.0288
       8     -35.5588
       9     -41.1999
      10     -38.6404
      11     -30.6190
      12     -32.6888
      13     -37.3706
      14     -36.0170
      15     -37.6366
      16     -36.3600
      17     -44.1383
      18     -30.6368
      19     -45.0357
      20     -32.2557
      21     -37.4955
      22     -30.9754
      23     -33.6623
      24     -37.0828
      25     -32.9728
      26     -37.1316
      27     -36.8176
      28     -33.3725
      29     -36.4446
      30     -33.8039
      31     -32.3244
      32     -38.3662
      33     -33.4938
      34     -14.7086
      35     -32.1156
      36     -32.8575
      37     -36.1191
      38     -26.3122
      39     -25.4112
      40     -32.6808
      41     -36.0823
      42     -29.1573
      43     -34.0865
      44     -34.2563
      45     -35.7976
      46     -44.7553
      47     -17.6681
      48     -27.4749
      49     -36.8900
      50     -37.1041
      51     -38.0294
      52     -34.8407
      53     -37.9325
      54     -25.9610
      55     -35.5790
      56     -30.9431
      57     -25.2828
      58     -31.2785
      59     -30.9179
      60     -31.8736
      61     -34.9085
      62     -27.4666
      63     -30.8494
      64     -28.7774
      65     -37.9166
      66     -36.2972
      67     -30.9767
      68     -31.9557
      69     -26.5377
      70     -26.3857
      71     -29.6666
      72     -27.8823
      73     -31.4080
      74     -35.8280
      75     -34.0644
      76     -41.3843
      77     -27.2316
      78     -34.0439
      79     -36.6294
      80     -30.9097
      81     -27.4980
      82     -32.9592
      83     -37.3253
      84     -35.4993
      85     -32.8380
      86     -32.9792
      87     -33.0394
      88     -34.5861
      89     -35.2417
      90     -35.0931
      91     -33.9191
      92     -27.3328
      93     -37.3562
      94     -42.9049
      95     -30.9850
      96     -32.1728
      97     -36.4776
      98     -35.6719
      99     -26.5444
     100     -36.6194
     101     -31.6972
     102     -32.3389
     103     -32.4292
     104     -34.4340
     105     -35.3287
     106     -31.9623
     107     -39.1041
     108     -37.3029
     109     -35.6251
     110     -20.6253
     111     -28.5123
     112     -31.1948
     113     -32.4521
     114     -28.5718
     115     -37.1628
     116     -33.7672
     117     -35.3909
     118     -33.2967
     119     -33.6666
     120     -31.1114
     121     -36.7407
     122     -29.1924
     123     -31.0097
     124     -38.6691
     125     -38.7630
     126     -28.7873
     127     -39.9734
     128     -36.1532
     129     -44.0798
     130     -33.8843
     131     -28.8416
     132     -38.4507
     133     -34.3471
     134     -37.6638
     135     -33.9305
     136     -31.8104
     137     -31.6138
     138     -38.0599
     139     -38.9965
     140     -34.7459
     141     -39.8446
     142     -40.3675
     143     -29.4269
     144     -29.0586
     145     -40.8546
     146     -27.6303
     147     -42.6409
     148     -38.7015
     149     -37.6138
     150     -36.8916
     151     -31.0999
     152     -34.4947
     153     -29.7079
     154     -30.2199
     155     -32.1228
     156     -34.3457
     157     -39.9161
     158     -35.8385
     159     -35.1040
     160     -36.7753
     161     -35.4416
     162     -39.4215
     163     -30.8585
     164     -33.8993
     165     -21.9518
     166     -32.6496
     167     -24.9684
     168     -31.6595
     169     -38.8404
     170     -36.1961
     171     -22.0969
     172     -35.3975
     173     -36.0666
     174     -37.7851
     175     -30.6073
     176     -25.5722
     177     -20.6508
     178     -40.9319
     179     -39.4407
     180     -38.7814
     181     -33.8368
     182     -39.1321
     183     -44.4706
     184     -37.3198
     185     -35.0267
     186     -34.8899
     187     -31.1723
     188     -30.3342
     189     -37.5628
     190     -32.1413
     191     -30.5368
     192     -27.0839
     193     -30.6216
     194     -38.7694
     195     -22.4868
     196     -33.0744
     197     -41.6561
     198     -31.6343
     199     -35.5445
     200     -40.5692
