#Frame      Dih_00110
       1      27.3976
       2      19.3890
       3      20.3746
       4      22.7911
       5      17.5150
       6      28.1297
       7      12.0220
       8      27.2247
       9      13.9693
      10      17.7348
      11      17.1708
      12      10.6611
      13      20.0590
      14       9.5608
      15      15.4853
      16      11.7481
      17       9.8053
      18      17.0014
      19      26.3058
      20      12.6772
      21      31.9556
      22      14.9622
      23      18.1351
      24      23.3145
      25      28.0745
      26      25.3310
      27      20.5491
      28      29.1951
      29      20.2172
      30      14.2387
      31      23.5408
      32      32.7972
      33      24.6265
      34      18.4136
      35       5.3346
      36      21.7968
      37      20.2289
      38      35.6617
      39      15.8053
      40      23.6528
      41      18.1613
      42      29.8554
      43      20.9265
      44      21.3774
      45      27.8781
      46      33.0800
      47      15.5386
      48      16.2459
      49      27.4986
      50      18.6676
      51      21.1314
      52      17.6923
      53      20.8930
      54      21.9511
      55      30.8166
      56      15.6043
      57      21.4757
      58      12.6893
      59      14.5413
      60      19.4647
      61      30.1605
      62      24.5082
      63      23.1439
      64      26.5398
      65      12.0141
      66      13.9794
      67      18.4106
      68      21.2145
      69      20.2773
      70      15.1230
      71      11.6018
      72      11.9225
      73      20.8981
      74      13.3725
      75      18.3832
      76      22.5598
      77      27.5586
      78      24.4340
      79      15.5737
      80      19.6688
      81      28.6582
      82      19.3143
      83      20.2468
      84      24.8119
      85      27.8563
      86      23.7159
      87      30.6517
      88      23.1185
      89      20.3859
      90      12.9653
      91      19.9145
      92      21.4306
      93      17.9526
      94      28.1181
      95      26.1261
      96      23.6417
      97      14.3831
      98       6.3353
      99      16.0316
     100      24.0615
     101      22.1650
     102      25.7017
     103      19.1041
     104      14.4691
     105      22.2528
     106      16.6329
     107      13.7250
     108      24.1482
     109      35.4601
     110      26.7980
     111      14.5262
     112      22.8337
     113      22.7818
     114      24.6972
     115      13.4552
     116      18.8354
     117      12.8640
     118      22.7914
     119      26.4494
     120      21.4507
     121      16.7615
     122      14.5951
     123      26.4272
     124      20.3701
     125      30.5459
     126      13.9166
     127      27.0649
     128      17.9479
     129      19.7129
     130      28.3626
     131      19.1136
     132      16.8211
     133      23.0551
     134      27.1931
     135       9.4062
     136      17.1088
     137      21.9149
     138      21.3903
     139      17.1577
     140      16.3347
     141       8.6153
     142      22.9418
     143      17.8473
     144      13.6752
     145      29.3231
     146      24.1274
     147       9.8950
     148      20.7604
     149      21.8480
     150      20.5210
     151      22.4397
     152      18.8955
     153      16.0486
     154      20.3609
     155      17.1988
     156      14.2808
     157      22.3557
     158      18.1007
     159      18.1319
     160      18.9302
     161      23.3999
     162       5.3838
     163      17.6043
     164      28.9551
     165      23.5655
     166      16.9525
     167      13.2914
     168      18.0597
     169      10.4869
     170      13.9674
     171      34.8208
     172      17.3870
     173      24.8960
     174      25.3354
     175      23.1377
     176      25.2031
     177      10.8879
     178      11.2575
     179      19.3871
     180      23.2024
     181      17.5623
     182       8.5618
     183      10.0798
     184       1.7718
     185       6.9417
     186       9.7502
     187      20.0097
     188      12.3643
     189      28.0049
     190      15.4586
     191      18.6673
     192      10.4018
     193      14.8972
     194      10.9493
     195      19.7417
     196      27.2799
     197      20.8109
     198       9.3736
     199      22.6084
     200      14.4756
