#Frame      Dih_00107
       1     -31.5132
       2     -32.1059
       3     -32.0730
       4     -25.9011
       5     -32.1539
       6     -23.1772
       7     -38.3015
       8     -23.0399
       9     -36.8782
      10     -36.3085
      11     -24.3180
      12     -35.8716
      13     -31.3112
      14     -36.1165
      15     -37.6404
      16     -38.8727
      17     -39.1218
      18     -29.3021
      19     -25.9318
      20     -33.8079
      21     -26.4423
      22     -37.3321
      23     -43.0106
      24     -28.2655
      25     -25.3038
      26     -34.6668
      27     -26.9480
      28     -26.9656
      29     -33.5987
      30     -29.6956
      31     -26.2586
      32     -23.2379
      33     -29.0936
      34     -31.7383
      35     -34.6563
      36     -34.8565
      37     -25.0169
      38     -32.1261
      39     -31.8916
      40     -22.9984
      41     -34.5304
      42     -23.9471
      43     -33.1036
      44     -34.9800
      45     -20.5214
      46     -29.0500
      47     -26.3162
      48     -39.7021
      49     -25.8913
      50     -34.0948
      51     -24.5280
      52     -34.5828
      53     -31.0887
      54     -36.1034
      55     -30.6401
      56     -34.2482
      57     -35.7520
      58     -39.4328
      59     -35.9229
      60     -29.7927
      61     -24.2174
      62     -32.5650
      63     -27.3923
      64     -33.7660
      65     -36.7559
      66     -37.6112
      67     -32.2888
      68     -28.3346
      69     -25.8576
      70     -33.1614
      71     -41.9366
      72     -32.2267
      73     -34.1777
      74     -28.9156
      75     -31.4715
      76     -25.6059
      77     -29.6581
      78     -29.5067
      79     -40.9040
      80     -30.0285
      81     -29.0102
      82     -28.6321
      83     -34.0004
      84     -22.8014
      85     -33.6290
      86     -23.6129
      87     -31.9035
      88     -27.3392
      89     -36.8383
      90     -33.0844
      91     -27.7602
      92     -27.8849
      93     -33.1845
      94     -25.9479
      95     -29.7174
      96     -22.7910
      97     -40.3830
      98     -34.9413
      99     -29.8414
     100     -24.3724
     101     -28.2300
     102     -29.5575
     103     -32.6633
     104     -41.7714
     105     -30.9660
     106     -36.4127
     107     -33.0374
     108     -31.8231
     109     -20.0974
     110     -34.1956
     111     -34.5999
     112     -27.2841
     113     -25.1299
     114     -32.1451
     115     -34.5660
     116     -38.0988
     117     -33.3001
     118     -19.1983
     119     -21.0207
     120     -28.5527
     121     -39.5089
     122     -23.9914
     123     -31.0813
     124     -20.7527
     125     -26.3002
     126     -37.0781
     127     -27.3529
     128     -30.7359
     129     -31.3329
     130     -29.7884
     131     -28.8499
     132     -33.3151
     133     -23.2834
     134     -26.2887
     135     -37.2148
     136     -25.5788
     137     -35.5007
     138     -36.9177
     139     -36.7637
     140     -31.8876
     141     -38.9579
     142     -27.9117
     143     -28.7231
     144     -34.6984
     145     -32.3506
     146     -36.5154
     147     -37.2978
     148     -31.9162
     149     -36.9699
     150     -35.5604
     151     -27.1748
     152     -30.4632
     153     -36.1173
     154     -26.6675
     155     -36.9354
     156     -34.3159
     157     -33.7729
     158     -22.4290
     159     -36.6827
     160     -28.5853
     161     -26.4281
     162     -36.3913
     163     -30.3605
     164     -25.3012
     165     -27.5953
     166     -36.5955
     167     -30.5627
     168     -37.6773
     169     -34.3752
     170     -32.1611
     171     -21.5268
     172     -33.8446
     173     -22.4626
     174     -31.7435
     175     -32.1102
     176     -35.4283
     177     -37.6576
     178     -41.1497
     179     -32.7205
     180     -28.2182
     181     -32.1871
     182     -42.8351
     183     -26.8183
     184     -31.6761
     185     -36.4829
     186     -34.3565
     187     -30.3672
     188     -27.6349
     189     -21.7146
     190     -26.9743
     191     -35.7362
     192     -33.9115
     193     -28.7462
     194     -31.9848
     195     -22.8724
     196     -23.8682
     197     -30.8698
     198     -31.2801
     199     -32.8621
     200     -30.6636
