#Frame      Dih_00109
       1     -44.0803
       2     -38.5645
       3     -39.3383
       4     -39.1292
       5     -36.5030
       6     -40.0929
       7     -33.8425
       8     -39.6398
       9     -36.2332
      10     -41.8704
      11     -31.8413
      12     -31.9855
      13     -38.3553
      14     -30.7929
      15     -37.1297
      16     -34.3225
      17     -34.4286
      18     -35.9375
      19     -41.9312
      20     -33.5876
      21     -47.2852
      22     -36.8043
      23     -44.7346
      24     -39.2075
      25     -41.1159
      26     -45.9541
      27     -36.9553
      28     -45.7756
      29     -38.3838
      30     -31.7255
      31     -37.4865
      32     -44.1896
      33     -40.4360
      34     -37.8109
      35     -30.2067
      36     -41.7995
      37     -35.9427
      38     -54.8139
      39     -36.3118
      40     -36.7663
      41     -38.2524
      42     -45.8106
      43     -41.9373
      44     -39.9988
      45     -40.5788
      46     -50.5759
      47     -32.0611
      48     -36.3666
      49     -42.3140
      50     -39.3219
      51     -36.6470
      52     -37.8673
      53     -37.3503
      54     -43.7398
      55     -47.7134
      56     -37.9458
      57     -43.4484
      58     -38.4622
      59     -34.5265
      60     -36.4836
      61     -44.5976
      62     -42.6901
      63     -40.5391
      64     -45.3323
      65     -33.1373
      66     -33.6642
      67     -37.7911
      68     -37.9425
      69     -35.4211
      70     -35.6453
      71     -35.0916
      72     -30.2780
      73     -40.8094
      74     -31.3883
      75     -40.5958
      76     -38.1441
      77     -42.3624
      78     -40.3262
      79     -39.9997
      80     -38.8491
      81     -43.1896
      82     -37.1001
      83     -41.9304
      84     -38.4807
      85     -47.0690
      86     -36.8647
      87     -47.0588
      88     -41.1316
      89     -39.9965
      90     -34.6360
      91     -34.9605
      92     -38.5019
      93     -37.8460
      94     -45.0567
      95     -43.7622
      96     -37.5524
      97     -40.2061
      98     -28.2057
      99     -34.1829
     100     -38.9656
     101     -37.1304
     102     -41.4462
     103     -39.1218
     104     -38.1715
     105     -39.1358
     106     -36.8015
     107     -33.7699
     108     -42.4797
     109     -47.0425
     110     -44.5203
     111     -36.5311
     112     -39.2574
     113     -38.4463
     114     -42.4400
     115     -33.3413
     116     -41.3243
     117     -34.2356
     118     -34.0512
     119     -36.3420
     120     -38.0323
     121     -41.1665
     122     -28.4149
     123     -44.9071
     124     -32.7533
     125     -43.5263
     126     -37.5371
     127     -41.2782
     128     -36.9140
     129     -39.4150
     130     -46.8975
     131     -37.8297
     132     -37.1619
     133     -36.2770
     134     -42.2217
     135     -31.5939
     136     -32.0196
     137     -42.7553
     138     -43.0152
     139     -37.1913
     140     -35.8785
     141     -32.0696
     142     -40.4615
     143     -34.8451
     144     -33.0001
     145     -47.2335
     146     -45.7848
     147     -30.3748
     148     -39.9412
     149     -42.1040
     150     -41.0662
     151     -37.8633
     152     -37.9655
     153     -38.0901
     154     -37.1496
     155     -39.6393
     156     -36.0465
     157     -41.1573
     158     -29.8296
     159     -41.2886
     160     -35.5507
     161     -38.7737
     162     -26.6784
     163     -36.9604
     164     -42.3734
     165     -38.4528
     166     -40.2918
     167     -31.7360
     168     -40.9053
     169     -34.2674
     170     -34.1008
     171     -48.0719
     172     -39.6397
     173     -36.5847
     174     -43.9893
     175     -42.8551
     176     -46.1173
     177     -33.2283
     178     -37.2263
     179     -38.8984
     180     -39.4280
     181     -36.9740
     182     -34.4423
     183     -26.6097
     184     -19.7684
     185     -30.9664
     186     -29.5706
     187     -39.1483
     188     -30.5737
     189     -40.2506
     190     -31.1968
     191     -39.3239
     192     -28.5577
     193     -31.7252
     194     -30.4533
     195     -32.0221
     196     -42.0579
     197     -37.0281
     198     -27.1427
     199     -41.3180
     200     -32.3299
