#Frame      Dih_00106
       1       2.9998
       2       8.7031
       3       8.3125
       4       1.5462
       5       9.5239
       6      -2.3186
       7      16.1017
       8      -1.4739
       9      14.4318
      10      11.9839
      11       5.1587
      12      16.0113
      13       7.1656
      14      17.7160
      15      13.0405
      16      16.3359
      17      19.4889
      18       7.9458
      19       0.2853
      20      13.4946
      21      -3.1370
      22      13.0764
      23      15.1548
      24       3.4372
      25      -1.9582
      26       6.0380
      27       4.3483
      28       0.1971
      29       8.0712
      30      10.6699
      31       1.7989
      32      -6.1289
      33       2.6149
      34       9.4111
      35      19.8421
      36       8.7607
      37       2.9701
      38      -1.9939
      39      10.6965
      40       0.3867
      41      10.0237
      42      -4.0593
      43       7.8646
      44       7.8960
      45      -4.8367
      46      -1.1445
      47       6.8516
      48      13.3080
      49      -0.8411
      50      10.6412
      51       2.8507
      52      10.8568
      53       5.9739
      54      10.2480
      55       1.5768
      56      12.3676
      57       9.3209
      58      16.9942
      59      13.6905
      60       6.7475
      61      -3.8036
      62       5.0205
      63       3.2162
      64       4.4810
      65      15.4618
      66      14.3423
      67       8.7522
      68       5.6876
      69       2.9251
      70      12.6490
      71      18.2757
      72      13.0063
      73       9.0165
      74      10.8560
      75       8.5555
      76       2.7986
      77       0.6333
      78       2.9648
      79      16.1633
      80       6.4711
      81      -1.1019
      82       6.7547
      83       9.3291
      84      -1.3895
      85       4.9825
      86       0.7865
      87       1.4931
      88       2.3624
      89      10.8783
      90      13.8498
      91       5.2434
      92       4.4146
      93      10.4848
      94      -1.5328
      95       2.2680
      96      -0.0999
      97      16.6887
      98      18.2571
      99       9.0220
     100      -0.0552
     101       5.1135
     102       2.1892
     103       9.6365
     104      16.1502
     105       5.7454
     106      12.1165
     107      12.6401
     108       5.9733
     109      -9.5415
     110       4.6494
     111      14.1576
     112       2.4949
     113       2.8347
     114       5.4593
     115      14.3375
     116      12.7311
     117      13.2434
     118      -1.4023
     119      -3.3344
     120       4.9271
     121      15.8214
     122       6.4760
     123       3.4703
     124       0.1543
     125      -1.3565
     126      14.5233
     127       0.8165
     128       8.1304
     129       7.6330
     130       0.6509
     131       6.5805
     132      10.4864
     133       0.8637
     134      -0.9894
     135      17.9368
     136       5.2269
     137       8.6381
     138      10.0833
     139      12.4219
     140      10.0691
     141      19.7012
     142       3.7393
     143       7.5525
     144      12.9812
     145       2.5623
     146       6.8487
     147      16.7354
     148       7.3676
     149      10.4286
     150       9.8991
     151       3.7563
     152       6.7084
     153      13.4488
     154       4.2756
     155      12.6336
     156      13.7907
     157       7.5436
     158       2.9480
     159      12.8472
     160       5.9384
     161       1.9527
     162      19.2682
     163       8.4465
     164      -1.9068
     165       2.4713
     166      13.7364
     167      10.4149
     168      13.7014
     169      15.8967
     170      11.7102
     171      -7.9367
     172      11.4205
     173      -0.7232
     174       4.8532
     175       6.0565
     176       6.2299
     177      16.1126
     178      18.8539
     179       9.5103
     180       2.4144
     181      10.2468
     182      20.3080
     183      10.8787
     184      18.1646
     185      19.7938
     186      15.7886
     187       7.7081
     188       9.6176
     189      -3.6711
     190       7.5510
     191      11.4414
     192      14.8141
     193       9.3307
     194      13.7805
     195       2.5331
     196      -1.8874
     197       6.3969
     198      12.7268
     199       7.0057
     200       9.3901
