#Frame      Dih_00108
       1      47.8300
       2      38.3591
       3      39.2410
       4      41.2992
       5      39.0172
       6      38.3098
       7      43.7101
       8      37.8803
       9      41.5807
      10      46.5031
      11      33.4244
      12      41.5433
      13      39.2463
      14      38.2006
      15      44.9106
      16      40.5445
      17      40.5159
      18      37.9845
      19      41.5815
      20      37.4493
      21      40.5525
      22      47.5191
      23      51.9950
      24      40.9233
      25      40.2382
      26      45.9139
      27      38.7176
      28      42.0781
      29      43.9015
      30      37.3033
      31      36.9437
      32      37.6964
      33      41.9106
      34      39.2160
      35      39.8287
      36      42.7993
      37      36.9715
      38      51.6669
      39      39.7207
      40      37.6846
      41      43.5039
      42      40.0297
      43      44.5501
      44      45.1545
      45      38.7977
      46      43.1786
      47      36.0270
      48      46.7357
      49      42.5260
      50      44.4427
      51      37.0085
      52      41.7258
      53      42.5558
      54      49.4074
      55      44.8393
      56      43.5965
      57      47.6230
      58      47.8194
      59      39.7745
      60      39.2345
      61      41.0464
      62      43.2505
      63      38.4150
      64      45.9698
      65      41.6545
      66      41.5942
      67      40.9697
      68      36.1271
      69      37.0188
      70      42.4820
      71      46.2116
      72      39.5676
      73      45.9382
      74      35.7680
      75      39.4909
      76      36.2188
      77      43.5663
      78      43.6516
      79      45.7388
      80      40.5395
      81      46.1853
      82      38.3613
      83      44.9170
      84      36.9863
      85      47.9186
      86      37.8456
      87      46.4116
      88      42.1384
      89      44.3623
      90      39.6142
      91      35.8324
      92      37.3750
      93      41.2907
      94      43.3145
      95      42.4877
      96      37.8835
      97      44.3507
      98      39.7392
      99      38.5406
     100      38.5864
     101      39.2188
     102      43.0608
     103      41.2505
     104      46.1104
     105      42.0145
     106      40.6125
     107      39.4785
     108      42.7734
     109      39.6432
     110      45.6488
     111      44.0316
     112      38.1169
     113      36.6876
     114      44.5319
     115      42.8191
     116      47.3758
     117      36.7191
     118      30.7829
     119      35.3337
     120      40.4754
     121      45.7237
     122      30.3274
     123      46.0869
     124      32.6242
     125      38.4334
     126      45.3307
     127      42.7111
     128      42.6877
     129      41.8432
     130      43.4552
     131      41.8347
     132      40.7322
     133      34.5506
     134      40.4139
     135      39.4732
     136      33.9364
     137      43.8443
     138      46.9585
     139      43.7984
     140      42.5827
     141      39.9349
     142      38.2543
     143      37.1054
     144      40.8081
     145      47.9001
     146      48.5274
     147      38.9567
     148      43.0402
     149      47.2611
     150      45.8210
     151      40.0611
     152      42.1300
     153      41.8889
     154      39.7393
     155      45.0264
     156      42.7791
     157      44.6329
     158      31.4151
     159      45.3473
     160      37.5393
     161      39.2058
     162      35.6628
     163      38.4051
     164      39.5000
     165      40.0721
     166      46.9384
     167      35.4139
     168      47.3218
     169      41.8966
     170      38.0945
     171      38.7639
     172      44.5086
     173      35.6613
     174      45.5812
     175      44.5418
     176      48.8724
     177      42.7231
     178      43.8306
     179      43.8205
     180      44.0482
     181      42.3997
     182      43.7333
     183      30.9254
     184      29.7252
     185      43.4592
     186      40.0253
     187      39.9192
     188      34.7733
     189      36.8525
     190      34.1059
     191      42.2761
     192      36.5920
     193      37.4866
     194      35.6868
     195      32.2274
     196      38.0666
     197      39.5331
     198      35.5533
     199      41.4176
     200      38.4012
