#Frame      Dih_00112
       1     -34.0618
       2     -32.6599
       3     -36.3454
       4     -27.7492
       5     -34.1915
       6     -33.8773
       7     -37.2607
       8     -24.5416
       9     -28.8001
      10     -27.2159
      11     -36.0661
      12     -34.6446
      13     -41.2659
      14     -35.1415
      15     -29.3885
      16     -29.6178
      17     -24.9041
      18     -24.9341
      19     -36.4874
      20     -26.4759
      21     -30.7568
      22     -27.8180
      23     -38.7783
      24     -23.7604
      25     -36.8909
      26     -35.3257
      27     -25.8776
      28     -26.4319
      29     -33.0104
      30     -32.7603
      31     -39.3750
      32     -33.0316
      33     -36.4624
      34     -25.0272
      35     -25.0535
      36     -30.0296
      37     -27.2926
      38     -17.4974
      39     -24.7654
      40     -33.6066
      41     -24.9633
      42     -28.8927
      43     -23.8200
      44     -20.2106
      45     -28.7896
      46     -30.9629
      47     -26.4207
      48     -25.4750
      49     -30.7521
      50     -29.9301
      51     -30.1382
      52     -30.2057
      53     -17.9342
      54     -23.8759
      55     -23.2382
      56     -40.1071
      57     -36.2874
      58     -32.6560
      59     -35.4802
      60     -25.5019
      61     -28.5596
      62     -32.8871
      63     -33.3464
      64     -27.8432
      65     -33.3661
      66     -37.2265
      67     -29.1604
      68     -30.2221
      69     -31.0650
      70     -35.8040
      71     -40.7159
      72     -31.1392
      73     -38.0591
      74     -40.1197
      75     -26.6897
      76     -34.8852
      77     -36.2892
      78     -39.0589
      79     -22.2142
      80     -25.5665
      81     -26.8716
      82     -22.6698
      83     -32.5722
      84     -28.5802
      85     -18.8753
      86     -27.7159
      87     -27.1088
      88     -25.7512
      89     -27.4584
      90     -33.7056
      91     -27.7166
      92     -40.4757
      93     -33.2537
      94     -25.8283
      95     -21.4472
      96     -27.4180
      97     -34.6489
      98     -35.4608
      99     -24.7764
     100     -15.4118
     101     -13.8510
     102     -32.1874
     103     -29.6077
     104     -24.8951
     105     -34.9355
     106     -37.5194
     107     -24.0384
     108     -30.3713
     109     -19.3969
     110     -25.2809
     111     -30.8114
     112     -26.4312
     113     -35.4514
     114     -33.3439
     115     -25.6423
     116     -29.2595
     117     -25.3098
     118     -29.3319
     119     -34.1356
     120     -30.2043
     121     -27.9260
     122     -31.4904
     123     -20.6000
     124     -28.6564
     125     -32.0424
     126     -20.1759
     127     -26.4500
     128     -26.1177
     129     -19.8056
     130     -40.8800
     131     -35.3554
     132     -29.2843
     133     -26.0354
     134     -34.4011
     135     -26.5734
     136     -27.8499
     137     -31.6153
     138     -30.7941
     139     -28.8583
     140     -27.5495
     141     -33.1046
     142     -22.4813
     143     -22.9978
     144     -32.2417
     145     -34.8979
     146     -35.5886
     147     -31.2581
     148     -27.4525
     149     -36.8381
     150     -24.6370
     151     -28.4500
     152     -31.4283
     153     -33.6239
     154     -32.7669
     155     -29.9518
     156     -33.4012
     157     -32.4606
     158     -26.8535
     159     -20.2776
     160     -24.1621
     161     -27.0334
     162     -28.8178
     163     -26.3924
     164     -32.0942
     165     -15.6023
     166     -29.0384
     167     -30.5649
     168     -36.7125
     169     -35.7555
     170     -35.8971
     171     -16.5433
     172     -26.6026
     173     -32.1841
     174     -28.9808
     175     -24.6460
     176     -19.9075
     177     -32.8423
     178     -27.0697
     179     -33.1883
     180     -25.8469
     181     -21.8238
     182     -34.7725
     183     -28.8314
     184     -35.4025
     185     -24.4282
     186     -20.1178
     187     -20.8020
     188     -26.4387
     189     -24.8845
     190     -26.8820
     191     -29.7865
     192     -30.8117
     193     -22.8752
     194     -15.3127
     195     -20.9154
     196     -27.9602
     197     -24.0700
     198     -20.1713
     199     -26.8937
     200     -20.0740
