#Frame      Dih_00111
       1      14.0039
       2      15.5488
       3      17.5803
       4       5.0062
       5       7.3621
       6       9.5306
       7      14.4151
       8      10.5411
       9       5.3721
      10       5.4654
      11      12.8281
      12      21.2899
      13      16.1621
      14      17.3101
      15       4.8594
      16       7.5125
      17       5.1568
      18      10.2368
      19      18.3501
      20       7.1504
      21      10.4152
      22       3.0847
      23      23.2900
      24       0.9270
      25      19.4914
      26      18.6883
      27       7.0695
      28       6.1280
      29      13.5906
      30      14.8526
      31      18.5587
      32      11.6733
      33       8.7012
      34       8.1716
      35       5.6384
      36      15.6348
      37       8.3839
      38      -2.4336
      39       0.9981
      40      12.8789
      41       2.6524
      42       8.8825
      43       5.2017
      44       0.9852
      45      10.8235
      46       9.8120
      47       2.9559
      48       1.7564
      49      10.9385
      50      11.8791
      51      12.8898
      52      10.8826
      53       4.4298
      54       2.3143
      55      -3.8478
      56      19.5297
      57      18.4097
      58      14.8724
      59      12.2516
      60       2.9654
      61       9.1296
      62      16.8707
      63       9.9466
      64       6.8025
      65      11.7016
      66      20.0475
      67      10.0808
      68       7.9606
      69      11.2240
      70      16.4044
      71      22.5945
      72      11.3241
      73      17.2032
      74      23.5443
      75       6.2358
      76      19.7819
      77      15.5700
      78      20.9516
      79       7.8466
      80       6.1441
      81       1.9038
      82       9.0520
      83      13.9782
      84       6.8000
      85       0.4978
      86       8.0796
      87      19.1569
      88      12.1155
      89      12.2980
      90      12.5497
      91       7.2454
      92      19.7845
      93      11.1861
      94       9.9579
      95       5.8818
      96       3.5230
      97      19.2004
      98      15.5704
      99       6.9602
     100      -2.9449
     101      -3.6587
     102      11.8279
     103      15.5511
     104       6.2682
     105      19.5203
     106      20.2559
     107       4.1703
     108      10.0948
     109      -5.0076
     110       2.9441
     111       8.7748
     112       9.9007
     113      12.1662
     114       8.6280
     115       5.1820
     116      10.2575
     117       1.5207
     118      10.6051
     119      10.5703
     120       4.9331
     121       7.6374
     122       5.1867
     123      -2.2612
     124       3.7131
     125      11.4517
     126      -3.5359
     127       1.9065
     128      -0.4297
     129      -8.5200
     130      19.1247
     131      15.1064
     132       6.6925
     133      -0.1890
     134      12.7546
     135       8.7327
     136       9.2438
     137      11.5221
     138       9.3027
     139       8.9830
     140       7.7021
     141      11.9931
     142       5.7255
     143      -0.4758
     144      10.8029
     145      12.6894
     146      11.8649
     147      12.0135
     148       2.5264
     149      19.5851
     150      -2.0192
     151       5.0246
     152      12.1438
     153       8.9785
     154      11.3628
     155       5.0921
     156      12.9053
     157      16.3144
     158       5.6327
     159      -1.1938
     160       4.1421
     161       8.0877
     162      11.9258
     163       7.8175
     164      10.4970
     165     -11.6013
     166       1.1286
     167      10.1734
     168      12.7786
     169      11.2222
     170      10.3574
     171      -2.2150
     172       7.5257
     173       7.4369
     174       2.5115
     175       8.1351
     176      -7.4622
     177       7.8819
     178       0.8466
     179      10.7106
     180       0.8822
     181      -5.6716
     182      12.3574
     183       4.1941
     184      12.4140
     185      -6.9637
     186      -2.6485
     187      -9.1873
     188       3.8962
     189      -2.2940
     190       1.3122
     191       8.2690
     192       4.5025
     193      -4.2407
     194      -9.9630
     195      -6.8603
     196       2.9925
     197       3.1787
     198      -1.6305
     199       5.8141
     200       0.1389
