#Frame      Dih_00113
       1      41.3410
       2      38.0133
       3      39.3052
       4      36.9373
       5      45.6532
       6      41.8008
       7      41.9311
       8      28.8669
       9      39.5057
      10      38.7133
      11      42.9711
      12      32.7486
      13      47.9662
      14      37.6369
      15      39.2409
      16      37.3523
      17      34.0732
      18      30.1244
      19      39.6372
      20      34.5162
      21      38.9973
      22      37.3948
      23      33.1865
      24      34.9344
      25      37.2599
      26      37.6494
      27      34.5076
      28      33.2821
      29      38.7582
      30      38.7984
      31      44.9530
      32      41.9527
      33      46.0636
      34      30.1685
      35      33.2182
      36      31.5670
      37      32.6971
      38      29.3299
      39      35.1671
      40      41.6381
      41      37.4740
      42      35.2693
      43      34.5607
      44      30.6709
      45      35.1999
      46      39.4804
      47      37.3087
      48      34.9867
      49      37.2501
      50      35.3640
      51      35.6609
      52      37.9611
      53      22.9183
      54      35.9579
      55      39.9758
      56      43.3702
      57      36.8378
      58      36.7200
      59      40.5585
      60      37.2698
      61      34.9887
      62      33.1449
      63      42.2057
      64      38.1315
      65      39.5711
      66      37.8259
      67      35.1352
      68      40.4933
      69      39.0047
      70      38.4155
      71      43.2121
      72      38.9027
      73      42.9645
      74      37.4378
      75      35.3069
      76      38.9213
      77      43.3497
      78      40.5089
      79      28.8238
      80      32.7133
      81      36.9241
      82      28.2424
      83      35.0792
      84      37.4751
      85      27.8688
      86      34.0423
      87      22.1627
      88      29.2777
      89      29.9518
      90      40.3542
      91      35.3512
      92      44.5079
      93      40.6706
      94      29.0034
      95      27.4749
      96      38.5143
      97      37.5158
      98      38.2716
      99      31.6042
     100      26.7768
     101      25.6591
     102      38.3833
     103      31.4881
     104      34.9401
     105      37.6223
     106      39.3465
     107      33.2872
     108      36.6130
     109      36.0871
     110      36.1566
     111      39.0639
     112      30.7724
     113      41.7244
     114      41.4919
     115      34.5608
     116      33.9426
     117      38.4561
     118      38.7710
     119      42.0282
     120      42.3595
     121      34.4188
     122      41.2431
     123      32.8376
     124      39.4817
     125      39.0295
     126      33.1835
     127      40.0937
     128      41.4233
     129      37.8353
     130      45.4770
     131      40.0248
     132      37.6058
     133      39.1496
     134      40.5623
     135      31.5797
     136      37.7280
     137      37.4464
     138      37.2483
     139      35.7966
     140      33.5900
     141      38.5808
     142      30.3249
     143      34.3210
     144      41.1835
     145      44.5683
     146      46.0175
     147      37.9473
     148      40.6350
     149      38.9671
     150      38.0302
     151      40.0536
     152      38.3658
     153      41.4859
     154      39.2137
     155      42.0708
     156      39.1508
     157      37.2192
     158      37.6428
     159      30.8955
     160      31.3780
     161      34.6572
     162      34.6768
     163      33.0089
     164      38.3275
     165      36.3692
     166      41.9457
     167      37.9821
     168      41.6749
     169      45.9601
     170      44.3737
     171      27.1450
     172      34.1937
     173      44.6294
     174      42.5399
     175      31.8501
     176      36.3417
     177      43.0167
     178      42.1455
     179      40.0396
     180      41.9691
     181      38.3288
     182      40.5442
     183      41.8775
     184      42.7661
     185      43.8339
     186      32.7540
     187      38.8508
     188      36.4897
     189      40.1100
     190      38.7584
     191      40.9330
     192      44.2612
     193      36.6629
     194      32.7675
     195      35.5025
     196      39.2323
     197      33.2047
     198      33.1791
     199      35.2094
     200      31.7493
