#Frame      Dih_00114
       1     -33.5944
       2     -29.0761
       3     -28.1735
       4     -34.1073
       5     -39.9590
       6     -38.4160
       7     -34.6767
       8     -23.6458
       9     -39.2825
      10     -36.4436
      11     -38.6299
      12     -22.7778
      13     -41.4567
      14     -29.9751
      15     -35.9626
      16     -36.9229
      17     -31.9437
      18     -25.4120
      19     -32.6452
      20     -31.2042
      21     -34.0615
      22     -35.0011
      23     -23.2866
      24     -35.6008
      25     -27.1635
      26     -27.7482
      27     -31.1342
      28     -30.6642
      29     -33.8101
      30     -29.9579
      31     -34.3128
      32     -37.5468
      33     -41.9699
      34     -27.0947
      35     -30.7958
      36     -24.9092
      37     -29.4438
      38     -31.8145
      39     -36.3518
      40     -36.1442
      41     -35.7800
      42     -32.9355
      43     -31.7157
      44     -30.7729
      45     -29.7318
      46     -33.0917
      47     -35.5954
      48     -36.8383
      49     -32.5621
      50     -29.0168
      51     -26.0536
      52     -33.3292
      53     -21.6892
      54     -35.4776
      55     -43.2156
      56     -31.9875
      57     -25.7316
      58     -29.6457
      59     -36.9714
      60     -38.3310
      61     -32.2838
      62     -25.7905
      63     -39.3728
      64     -35.8554
      65     -34.5376
      66     -28.0719
      67     -30.9144
      68     -36.0553
      69     -33.0390
      70     -31.3005
      71     -30.8844
      72     -31.5898
      73     -34.2757
      74     -26.6802
      75     -31.3640
      76     -26.5160
      77     -34.1297
      78     -29.7883
      79     -23.3993
      80     -30.5562
      81     -38.5268
      82     -24.2176
      83     -31.7244
      84     -34.4523
      85     -29.3612
      86     -32.1397
      87     -10.6187
      88     -22.9255
      89     -25.6711
      90     -35.1237
      91     -32.0964
      92     -34.4883
      93     -36.7453
      94     -27.3673
      95     -25.8163
      96     -36.8926
      97     -26.2714
      98     -30.0508
      99     -30.4879
     100     -29.3754
     101     -27.3701
     102     -33.2802
     103     -23.2738
     104     -31.1070
     105     -26.5342
     106     -29.7104
     107     -34.8476
     108     -32.8260
     109     -39.0813
     110     -35.4337
     111     -35.7592
     112     -26.0879
     113     -36.6357
     114     -39.2333
     115     -30.4105
     116     -30.1578
     117     -38.2819
     118     -34.6992
     119     -39.6712
     120     -42.4764
     121     -31.2302
     122     -40.8626
     123     -34.2041
     124     -39.0040
     125     -36.5450
     126     -36.8727
     127     -41.1136
     128     -44.7533
     129     -42.7531
     130     -36.3766
     131     -32.4564
     132     -33.5167
     133     -40.5613
     134     -34.8874
     135     -28.6766
     136     -33.4875
     137     -34.2747
     138     -33.6842
     139     -32.7368
     140     -30.6427
     141     -34.0727
     142     -28.8874
     143     -37.3825
     144     -35.7566
     145     -39.2816
     146     -40.8814
     147     -31.6020
     148     -40.7886
     149     -27.9804
     150     -40.7377
     151     -38.2502
     152     -32.6319
     153     -38.0640
     154     -34.3133
     155     -43.3157
     156     -32.8773
     157     -29.2132
     158     -37.1758
     159     -33.2533
     160     -30.8612
     161     -30.3343
     162     -29.9799
     163     -31.5890
     164     -33.6270
     165     -43.2647
     166     -44.6898
     167     -33.2267
     168     -37.7439
     169     -40.4666
     170     -40.7945
     171     -30.8325
     172     -32.8554
     173     -40.7037
     174     -42.9819
     175     -27.6601
     176     -42.3048
     177     -43.3447
     178     -41.7018
     179     -36.7593
     180     -40.9393
     181     -44.1388
     182     -39.5663
     183     -38.3947
     184     -39.3990
     185     -51.6630
     186     -36.1606
     187     -46.5676
     188     -38.8271
     189     -43.2961
     190     -42.1311
     191     -39.8491
     192     -46.4015
     193     -41.0953
     194     -41.6026
     195     -44.5779
     196     -40.3102
     197     -32.3654
     198     -34.9876
     199     -33.2191
     200     -32.6313
