#Frame      Dih_00115
       1      12.5919
       2       7.9076
       3       6.8524
       4      19.1832
       5      20.9772
       6      19.3292
       7      14.0272
       8       8.5112
       9      22.3125
      10      20.0636
      11      17.1718
      12       2.2427
      13      16.2311
      14       8.2421
      15      21.4684
      16      18.6753
      17      16.3091
      18       9.4399
      19       8.8425
      20      15.7070
      21      15.8727
      22      20.9897
      23       1.1744
      24      21.9785
      25       5.8789
      26       6.0549
      27      15.3894
      28      16.3103
      29      13.1122
      30       8.6380
      31      11.0602
      32      15.9631
      33      21.4516
      34      12.8040
      35      17.3459
      36       6.3659
      37      13.9006
      38      21.7774
      39      22.7636
      40      15.0341
      41      20.4815
      42      15.9957
      43      15.9290
      44      19.6575
      45      12.0198
      46      16.3759
      47      21.5763
      48      22.9612
      49      14.4791
      50      11.4086
      51       8.7441
      52      14.0192
      53      11.1906
      54      20.7785
      55      30.8443
      56       8.4505
      57       5.5369
      58       9.8394
      59      16.2935
      60      21.4783
      61      14.7352
      62       5.4112
      63      18.4171
      64      19.1958
      65      14.5371
      66       5.0153
      67      13.9460
      68      18.7473
      69      15.1869
      70       9.5051
      71       5.8849
      72      13.3832
      73      11.9026
      74       1.9936
      75      15.8057
      76       4.2625
      77      11.7027
      78       5.3333
      79      10.1608
      80      16.6691
      81      24.1137
      82       9.4613
      83      11.8746
      84      18.1736
      85      18.9092
      86      15.2549
      87      -5.3015
      88       6.8605
      89       8.9321
      90      15.2169
      91      15.5919
      92      11.2412
      93      14.4700
      94      11.0920
      95      12.9347
      96      21.9251
      97       4.9712
      98       9.6017
      99      15.3320
     100      19.8796
     101      20.1497
     102      13.2227
     103       4.9393
     104      15.1748
     105       4.3526
     106       6.5835
     107      18.3966
     108      15.7053
     109      28.7934
     110      20.1055
     111      17.6822
     112      10.5516
     113      15.3312
     114      19.8974
     115      16.3656
     116      12.9437
     117      23.0664
     118      14.8193
     119      18.7389
     120      22.9417
     121      14.6091
     122      23.8505
     123      23.1565
     124      23.4820
     125      16.0952
     126      25.7297
     127      24.1956
     128      28.2637
     129      33.0278
     130      12.0496
     131      11.0903
     132      18.1424
     133      26.3477
     134      14.7300
     135      12.5283
     136      15.6453
     137      16.0266
     138      16.3061
     139      15.1404
     140      15.9433
     141      13.9262
     142      14.7108
     143      23.7992
     144      16.1939
     145      16.5514
     146      18.5722
     147      12.1925
     148      24.1590
     149       5.7141
     150      28.7345
     151      19.8256
     152      13.1077
     153      19.2076
     154      15.4621
     155      24.0877
     156      12.3571
     157       8.0185
     158      20.5831
     159      21.5296
     160      17.9778
     161      13.9005
     162      11.1379
     163      15.0084
     164      15.4004
     165      34.0284
     166      28.3743
     167      15.0462
     168      17.4545
     169      17.6090
     170      19.2507
     171      21.7466
     172      14.6470
     173      21.1272
     174      25.8993
     175      12.7817
     176      31.5841
     177      22.5731
     178      26.0639
     179      17.5738
     180      26.1667
     181      30.7583
     182      17.3729
     183      21.7710
     184      16.7187
     185      34.9413
     186      25.8538
     187      33.5170
     188      22.2864
     189      28.4041
     190      26.5282
     191      18.0540
     192      25.2454
     193      28.7164
     194      33.4856
     195      31.9501
     196      24.6700
     197      18.4507
     198      23.8857
     199      19.4168
     200      20.6877
