#Frame      Dih_00117
       1     -35.7499
       2     -34.2534
       3     -36.6425
       4     -27.0943
       5     -30.6786
       6     -26.4300
       7     -36.0148
       8     -36.5170
       9     -30.4054
      10     -30.0574
      11     -29.1513
      12     -26.3832
      13     -34.4224
      14     -27.0966
      15     -33.6584
      16     -33.1768
      17     -34.6579
      18     -39.2256
      19     -24.4387
      20     -39.9686
      21     -36.8171
      22     -31.5735
      23     -27.6851
      24     -29.6256
      25     -35.6711
      26     -28.0547
      27     -27.1803
      28     -21.0257
      29     -38.0295
      30     -29.2048
      31     -18.7482
      32     -20.1949
      33     -34.4577
      34     -36.8178
      35     -30.2572
      36     -25.6164
      37     -18.5381
      38     -30.2516
      39     -26.4538
      40     -14.9585
      41     -26.5257
      42     -38.1156
      43     -30.8078
      44     -31.1246
      45     -30.3794
      46     -25.7450
      47     -27.7980
      48     -24.2160
      49     -25.9337
      50     -19.9246
      51     -26.8560
      52     -31.2893
      53     -38.1656
      54     -25.6469
      55     -18.1270
      56     -27.8474
      57     -32.7208
      58     -13.9890
      59     -27.2775
      60     -35.3185
      61     -33.0124
      62     -26.1484
      63     -28.2778
      64     -28.0589
      65     -26.6919
      66     -27.7229
      67     -26.7377
      68     -26.2045
      69     -32.7759
      70     -30.1147
      71     -36.9020
      72     -21.9703
      73     -30.8324
      74     -35.5042
      75     -20.6311
      76     -23.2012
      77     -22.0094
      78     -33.8178
      79     -31.5663
      80     -33.9897
      81     -27.3764
      82     -31.2235
      83     -34.8196
      84     -40.3282
      85     -20.6596
      86     -19.3342
      87     -29.8075
      88     -25.8682
      89     -16.7313
      90     -22.2690
      91     -30.7052
      92     -23.5688
      93     -24.9472
      94     -28.9725
      95     -25.8126
      96     -36.0949
      97     -34.7310
      98     -25.2534
      99     -26.4230
     100     -28.8356
     101     -31.2294
     102     -16.3139
     103     -37.7975
     104     -31.3345
     105     -23.1120
     106     -20.2303
     107     -33.8214
     108     -29.2578
     109     -35.8071
     110     -23.3040
     111     -18.6415
     112     -32.6597
     113     -21.3049
     114     -24.7102
     115     -33.0261
     116     -26.2289
     117     -28.0201
     118     -25.4898
     119     -34.9224
     120     -36.0230
     121     -27.2951
     122     -23.3094
     123     -21.7816
     124     -28.9681
     125     -31.5630
     126     -23.2410
     127     -19.0672
     128     -13.3514
     129     -26.6749
     130     -21.4002
     131     -26.8600
     132     -19.8076
     133     -19.5435
     134     -30.2593
     135     -38.3243
     136     -23.4908
     137     -21.3376
     138     -26.0694
     139     -32.2412
     140     -10.7851
     141     -28.3338
     142     -38.7633
     143     -27.0114
     144     -18.0200
     145     -19.2616
     146     -25.6274
     147     -25.7347
     148     -32.7340
     149     -29.1448
     150     -20.5057
     151     -22.3557
     152     -20.1068
     153     -26.9572
     154     -25.1093
     155     -20.6854
     156     -22.0009
     157     -28.1324
     158     -22.4273
     159     -27.1458
     160     -24.4120
     161     -31.6363
     162     -23.7682
     163     -15.3196
     164     -20.3417
     165     -10.0793
     166     -33.5104
     167     -32.7706
     168     -20.6429
     169     -27.4769
     170     -22.7018
     171     -26.1302
     172     -26.2230
     173     -21.7500
     174     -31.8725
     175     -29.4355
     176     -17.1291
     177     -20.4876
     178     -25.8662
     179     -22.8925
     180     -28.7587
     181     -25.4131
     182     -25.9610
     183     -20.4807
     184     -30.0313
     185     -25.4351
     186     -17.4651
     187     -12.0229
     188     -22.7724
     189     -24.4169
     190     -24.9572
     191     -21.0535
     192      -0.9325
     193     -15.0487
     194     -18.3465
     195     -13.5162
     196     -12.8373
     197     -22.7185
     198     -11.5413
     199      -7.3895
     200      -8.9468
