#Frame      Dih_00120
       1      19.8131
       2      18.5266
       3      11.1036
       4      16.0471
       5      28.3613
       6      22.1152
       7      14.2574
       8      11.8973
       9      23.1263
      10      20.6665
      11      28.4624
      12      25.6682
      13      11.1907
      14      22.3257
      15       9.3407
      16      21.7374
      17      29.6644
      18      13.9330
      19      22.5094
      20      10.8496
      21      18.9830
      22      20.7280
      23      27.9864
      24      18.2803
      25      13.7659
      26      21.2484
      27      23.0066
      28      25.5811
      29       6.4370
      30      17.5447
      31      32.2571
      32      28.0504
      33      20.5214
      34      20.8999
      35      28.6652
      36      25.6859
      37      30.0753
      38      26.0905
      39      34.8724
      40      29.0110
      41      20.5384
      42      12.9807
      43      14.9422
      44      12.3200
      45      21.4001
      46      22.4713
      47      17.9795
      48      27.8133
      49      14.2476
      50      13.0099
      51      21.2554
      52      22.1715
      53      17.9953
      54      23.7177
      55      26.3227
      56      23.6149
      57      15.0584
      58      34.9932
      59      26.0194
      60      21.4043
      61      23.4344
      62      30.4898
      63      20.7073
      64      16.8730
      65      22.0210
      66      26.5943
      67      19.8785
      68      26.9307
      69      22.6770
      70      21.8939
      71      18.8401
      72      30.0696
      73      22.2465
      74      20.9604
      75      19.8976
      76      30.0690
      77      31.4974
      78      21.6362
      79      17.8518
      80      17.1872
      81      20.8077
      82      24.5639
      83      26.7476
      84      18.1462
      85      38.9162
      86      36.1887
      87      23.7323
      88      21.0723
      89      38.7266
      90      27.2527
      91      29.3325
      92      16.0751
      93      32.3205
      94      29.1688
      95      19.4734
      96      20.6879
      97      28.2410
      98      26.5261
      99      26.1782
     100      20.6947
     101      14.5412
     102      32.5847
     103      21.6122
     104      22.5755
     105      33.9916
     106      30.4258
     107      12.4146
     108      26.7366
     109      18.5074
     110      35.7375
     111      32.1317
     112      18.1878
     113      29.2879
     114      25.5451
     115      12.9859
     116      26.4039
     117      26.6941
     118      24.9517
     119      18.3116
     120      20.8684
     121      17.9671
     122      24.8217
     123      25.6217
     124      26.0814
     125      28.3561
     126      21.8039
     127      32.2738
     128      20.5901
     129      15.3109
     130      33.7594
     131      25.4405
     132      23.3708
     133      18.0657
     134      27.4419
     135      18.3316
     136      25.7237
     137      23.3020
     138      16.8876
     139      14.2425
     140      28.2138
     141      12.1543
     142      12.5549
     143      23.6692
     144      21.4861
     145      14.9761
     146      18.0877
     147      30.7100
     148      19.9937
     149      16.9761
     150      29.0469
     151      28.0462
     152      13.7922
     153      22.4559
     154      21.0637
     155      27.7944
     156      31.3490
     157      26.5523
     158      18.5498
     159      28.7327
     160      28.5391
     161      30.0845
     162      17.2261
     163      31.2325
     164      21.0724
     165      32.2375
     166      17.1832
     167      21.5680
     168      30.2468
     169       2.9504
     170      24.2839
     171      30.2518
     172      32.5257
     173      34.6884
     174      22.7937
     175      27.6537
     176      34.0967
     177      27.7859
     178      28.2326
     179      15.6059
     180      18.9592
     181      26.5009
     182      26.7599
     183      33.6605
     184      21.3583
     185      18.6616
     186      34.5676
     187      39.8561
     188      27.0020
     189      26.9350
     190      13.3370
     191      27.4239
     192      48.0504
     193      25.2679
     194      32.0375
     195      33.4609
     196      35.9552
     197      35.7877
     198      37.7839
     199      42.0167
     200      31.5773
