#Frame      Dih_00116
       1       9.2688
       2      11.2819
       3      15.8413
       4       7.7872
       5       2.5818
       6       3.6646
       7      14.8279
       8      15.9348
       9       5.0480
      10       5.2503
      11       1.0424
      12       1.4162
      13      14.8621
      14       3.7984
      15      14.8484
      16       7.3313
      17       4.0904
      18      14.7838
      19       2.5511
      20      19.6823
      21      10.9809
      22       7.1740
      23       0.3275
      24       7.2528
      25      13.2485
      26       4.7422
      27       3.0975
      28      -2.0524
      29      20.9528
      30       7.0889
      31      -7.1956
      32      -4.7177
      33       9.0018
      34       9.4202
      35       1.5379
      36      -0.1367
      37      -7.0389
      38       3.0023
      39      -5.0941
      40      -8.8971
      41       4.0223
      42      16.6109
      43      10.6346
      44      12.4050
      45       6.6879
      46       3.3284
      47       6.1443
      48      -1.9077
      49       7.6797
      50       4.2717
      51       3.5696
      52       6.0116
      53      12.3237
      54       1.6716
      55      -6.1934
      56       2.5164
      57      11.8391
      58     -12.4711
      59       0.9276
      60       9.0450
      61       6.6435
      62      -2.0660
      63       4.9772
      64       8.2533
      65       3.2521
      66       1.4939
      67       5.1531
      68      -0.1983
      69       5.5601
      70       5.6041
      71      11.8381
      72      -5.4434
      73       6.3435
      74       9.1617
      75       1.3406
      76      -4.7670
      77      -5.5627
      78       8.3093
      79       8.2990
      80      10.5495
      81       4.4712
      82       4.0030
      83       6.3265
      84      14.6647
      85     -10.2560
      86     -10.9762
      87       4.5886
      88       2.9128
      89     -14.7539
      90      -2.2825
      91       0.6339
      92       4.6446
      93      -3.6959
      94      -0.6774
      95       3.7975
      96      10.2329
      97       4.5868
      98      -0.4161
      99       0.6767
     100       5.4358
     101      10.4279
     102     -10.5980
     103      10.7437
     104       4.8010
     105      -5.8293
     106      -5.9505
     107      13.4358
     108       1.9083
     109      11.9279
     110      -8.2899
     111      -8.6088
     112       9.9524
     113      -4.9206
     114      -0.9806
     115      13.2989
     116       0.4770
     117       1.6085
     118       1.1863
     119      10.6928
     120       9.5915
     121       6.5444
     122       0.3223
     123      -3.2313
     124       1.6083
     125       2.6300
     126       0.6450
     127      -7.1609
     128      -4.6162
     129       7.3886
     130      -7.3001
     131       1.3519
     132      -1.9658
     133       1.3802
     134       2.2685
     135      12.2815
     136      -1.2100
     137      -0.5112
     138       5.7836
     139      11.5809
     140     -10.5967
     141      10.1830
     142      17.5721
     143       2.1613
     144      -2.0363
     145       2.6085
     146       4.7443
     147      -2.2922
     148       8.2696
     149       7.9191
     150      -5.2011
     151      -3.2703
     152       4.4104
     153       3.2264
     154       3.7560
     155      -4.3542
     156      -5.6289
     157       1.6555
     158       3.1941
     159      -0.6937
     160      -2.6003
     161       1.1645
     162       3.6098
     163      -9.4723
     164      -0.3449
     165     -14.1899
     166       9.5602
     167       7.9360
     168      -5.6293
     169      16.0991
     170      -1.6659
     171      -1.6215
     172      -3.0522
     173      -7.2043
     174       5.2333
     175       1.1966
     176     -11.0063
     177      -4.6216
     178      -1.1518
     179       5.9712
     180       6.6132
     181      -1.0609
     182       0.1207
     183      -8.7853
     184       6.1721
     185       3.6005
     186     -10.8593
     187     -17.1793
     188      -1.2125
     189      -0.5698
     190       7.8365
     191      -2.8648
     192     -26.7024
     193      -7.7430
     194      -6.9942
     195     -12.6856
     196     -14.5763
     197      -7.3567
     198     -16.6024
     199     -20.3765
     200     -13.7547
