#Frame      Dih_00118
       1      45.4762
       2      42.4026
       3      42.0343
       4      35.5788
       5      46.4071
       6      37.7503
       7      43.2315
       8      42.7705
       9      41.9230
      10      39.2391
      11      41.1076
      12      38.1246
      13      39.5488
      14      39.9219
      15      36.1589
      16      45.4760
      17      47.8675
      18      44.3870
      19      36.6278
      20      44.9117
      21      43.7865
      22      43.1127
      23      40.7227
      24      37.0993
      25      43.6072
      26      40.6760
      27      39.8587
      28      35.5201
      29      40.7829
      30      40.5437
      31      35.5298
      32      33.3075
      33      43.8512
      34      49.2912
      35      44.0308
      36      38.8519
      37      35.1531
      38      44.9418
      39      43.4973
      40      30.4379
      41      36.6707
      42      43.5767
      43      37.5669
      44      36.6877
      45      41.8804
      46      35.2929
      47      36.7180
      48      38.0423
      49      31.1518
      50      25.7418
      51      39.1628
      52      43.3685
      53      46.2880
      54      36.1875
      55      34.4393
      56      38.8642
      57      39.9218
      58      32.1241
      59      40.2527
      60      46.0399
      61      46.5934
      62      40.9197
      63      37.1415
      64      37.7055
      65      41.0707
      66      41.6240
      67      35.3191
      68      40.9240
      69      43.3682
      70      38.2024
      71      48.0010
      72      38.0196
      73      44.8205
      74      44.2573
      75      29.4503
      76      41.4006
      77      36.9397
      78      44.6103
      79      40.9857
      80      42.0675
      81      38.9601
      82      42.2270
      83      48.0110
      84      48.0893
      85      39.5586
      86      39.3527
      87      43.0552
      88      35.6218
      89      41.6393
      90      36.2053
      91      46.2312
      92      30.4338
      93      42.2552
      94      45.0607
      95      36.5217
      96      46.8506
      97      48.2117
      98      41.3635
      99      39.6248
     100      38.1618
     101      37.7430
     102      34.7902
     103      45.6294
     104      43.5892
     105      40.8724
     106      34.3452
     107      36.9193
     108      44.6636
     109      43.4524
     110      41.9669
     111      35.0664
     112      39.6358
     113      36.2587
     114      37.0613
     115      37.8739
     116      39.9597
     117      39.7202
     118      37.1276
     119      43.6627
     120      44.2185
     121      38.2492
     122      34.2060
     123      36.6958
     124      43.2247
     125      45.4662
     126      33.1708
     127      35.4238
     128      24.4883
     129      33.6100
     130      40.9018
     131      39.0641
     132      30.6958
     133      29.2986
     134      45.7879
     135      45.5673
     136      38.7740
     137      31.9346
     138      35.3013
     139      38.0904
     140      26.1919
     141      30.9426
     142      43.3001
     143      38.3316
     144      29.1664
     145      26.6879
     146      33.5725
     147      43.1466
     148      41.7992
     149      37.7094
     150      36.8651
     151      37.6789
     152      27.2427
     153      38.0239
     154      35.9941
     155      34.6816
     156      38.2221
     157      41.0734
     158      31.6428
     159      41.4503
     160      42.0358
     161      46.6831
     162      32.4288
     163      33.2384
     164      30.3674
     165      28.4700
     166      40.8082
     167      44.5078
     168      34.7934
     169      27.6506
     170      36.1916
     171      41.0098
     172      43.1468
     173      39.4149
     174      42.3603
     175      42.7887
     176      35.5872
     177      34.5487
     178      39.4608
     179      30.8365
     180      37.4777
     181      40.7450
     182      38.3632
     183      38.1171
     184      40.4176
     185      34.8474
     186      36.5458
     187      31.9654
     188      36.0571
     189      37.3795
     190      34.6724
     191      34.2330
     192      25.5006
     193      30.4621
     194      35.4247
     195      31.9158
     196      31.9748
     197      41.4692
     198      31.9318
     199      28.9665
     200      25.9296
