#Frame      Dih_00119
       1     -42.5156
       2     -39.9911
       3     -33.4820
       4     -33.5451
       5     -47.5179
       6     -39.6991
       7     -38.3916
       8     -35.7727
       9     -41.3189
      10     -36.5255
      11     -44.3178
      12     -42.2626
      13     -34.4358
      14     -40.7373
      15     -29.8765
      16     -43.6271
      17     -47.7972
      18     -35.3043
      19     -36.7850
      20     -36.1647
      21     -38.7872
      22     -39.0956
      23     -44.7997
      24     -36.7900
      25     -36.2817
      26     -39.3896
      27     -41.3328
      28     -40.0664
      29     -32.6975
      30     -36.2931
      31     -44.1585
      32     -39.4640
      33     -40.6404
      34     -43.5128
      35     -47.2601
      36     -41.0687
      37     -39.9348
      38     -45.5170
      39     -48.0627
      40     -35.8505
      41     -34.7694
      42     -37.1664
      43     -33.1304
      44     -30.4948
      45     -40.1888
      46     -36.4345
      47     -32.8175
      48     -39.9094
      49     -29.0942
      50     -24.7404
      51     -38.4397
      52     -40.3107
      53     -39.8885
      54     -37.9876
      55     -37.5861
      56     -39.0220
      57     -35.8144
      58     -40.4873
      59     -39.7128
      60     -42.8811
      61     -42.6413
      62     -42.7710
      63     -36.3440
      64     -35.6733
      65     -38.7828
      66     -44.0231
      67     -35.7070
      68     -41.1729
      69     -41.2047
      70     -40.6806
      71     -43.9444
      72     -42.0067
      73     -41.6416
      74     -41.1504
      75     -29.9365
      76     -44.6168
      77     -44.6796
      78     -41.5243
      79     -35.6841
      80     -37.5416
      81     -37.3352
      82     -42.5862
      83     -46.1066
      84     -42.8346
      85     -48.0224
      86     -46.2139
      87     -42.0592
      88     -35.9696
      89     -51.1778
      90     -40.1806
      91     -47.3496
      92     -28.3723
      93     -46.2647
      94     -50.9855
      95     -34.6228
      96     -42.7884
      97     -47.6237
      98     -41.6265
      99     -40.1841
     100     -37.9906
     101     -33.0831
     102     -40.3060
     103     -41.4966
     104     -37.2981
     105     -44.8777
     106     -39.9647
     107     -31.7621
     108     -43.6086
     109     -39.5371
     110     -45.1139
     111     -39.4705
     112     -37.0441
     113     -39.9648
     114     -40.6450
     115     -32.6388
     116     -40.5552
     117     -43.8166
     118     -38.5321
     119     -39.5868
     120     -41.2715
     121     -35.9578
     122     -38.7710
     123     -40.2570
     124     -44.5962
     125     -44.7942
     126     -34.8135
     127     -44.9599
     128     -28.3379
     129     -30.9939
     130     -47.5737
     131     -40.1609
     132     -34.0113
     133     -30.9781
     134     -46.1354
     135     -39.0058
     136     -39.8718
     137     -37.3899
     138     -31.4952
     139     -35.9729
     140     -34.8072
     141     -28.2509
     142     -36.2228
     143     -38.9600
     144     -33.5709
     145     -27.3622
     146     -32.5589
     147     -45.3463
     148     -40.3773
     149     -34.4210
     150     -40.1780
     151     -41.2875
     152     -26.4713
     153     -38.9153
     154     -35.9142
     155     -37.3792
     156     -45.3175
     157     -42.9716
     158     -32.0654
     159     -44.7733
     160     -43.6962
     161     -46.9562
     162     -30.9991
     163     -39.6094
     164     -34.8542
     165     -36.8033
     166     -35.8873
     167     -41.6018
     168     -40.6393
     169     -20.3901
     170     -38.2930
     171     -45.1046
     172     -46.5584
     173     -45.5094
     174     -42.2668
     175     -46.8742
     176     -40.8955
     177     -38.7187
     178     -42.8468
     179     -30.4631
     180     -35.0575
     181     -40.8951
     182     -40.3546
     183     -45.7977
     184     -36.7194
     185     -33.0480
     186     -46.1682
     187     -41.8375
     188     -40.6862
     189     -38.7087
     190     -28.9069
     191     -38.8398
     192     -43.8535
     193     -33.1224
     194     -43.1061
     195     -38.6188
     196     -43.5185
     197     -47.0042
     198     -40.0127
     199     -43.7062
     200     -34.7501
