#Frame      Dih_00122
       1     -34.7613
       2     -26.4438
       3     -24.7841
       4     -26.7847
       5     -21.5324
       6     -28.9240
       7     -34.6081
       8     -36.9642
       9     -33.9838
      10     -33.3263
      11     -36.0351
      12     -37.6329
      13     -16.3565
      14     -20.5974
      15     -35.0174
      16     -41.6711
      17     -30.6555
      18     -22.4914
      19     -33.9543
      20     -37.6642
      21     -33.1055
      22     -19.8026
      23     -36.8758
      24     -35.4579
      25     -20.3042
      26     -29.9745
      27     -35.5491
      28     -33.7389
      29     -32.4140
      30     -37.2027
      31     -39.0202
      32     -29.3816
      33     -30.8747
      34     -22.7123
      35     -31.0566
      36     -43.4905
      37     -23.5094
      38     -26.2243
      39     -33.6006
      40     -39.1445
      41     -41.4964
      42     -35.1103
      43     -20.3199
      44     -33.3859
      45     -35.3931
      46     -21.7637
      47     -29.5538
      48     -28.5004
      49     -32.1993
      50     -17.7948
      51     -22.6793
      52     -28.3811
      53     -30.8902
      54     -32.8575
      55     -22.9113
      56     -27.4986
      57     -38.5542
      58     -35.7269
      59     -35.7248
      60     -18.3355
      61     -14.5890
      62     -38.0301
      63     -32.5002
      64     -33.5798
      65     -22.9840
      66     -25.6053
      67     -22.7064
      68     -29.3319
      69     -40.0710
      70     -19.6980
      71     -17.4934
      72     -15.5617
      73     -39.0977
      74     -30.7975
      75     -19.0790
      76     -32.0889
      77     -29.3111
      78     -20.2599
      79     -22.0506
      80     -34.1097
      81     -26.8341
      82     -30.3495
      83     -31.7456
      84     -30.4808
      85     -34.0412
      86     -32.1960
      87     -33.3181
      88     -26.5955
      89     -28.3317
      90     -33.2342
      91     -27.2485
      92     -31.8616
      93     -31.2554
      94     -35.4625
      95     -28.6511
      96     -22.4066
      97     -30.2641
      98     -39.8171
      99     -33.5208
     100     -21.6569
     101     -32.5807
     102     -34.9951
     103     -40.7935
     104     -30.9899
     105     -14.4357
     106     -30.3816
     107     -31.0046
     108     -29.2305
     109     -28.6716
     110     -30.4884
     111     -33.5865
     112     -41.6334
     113     -33.8284
     114     -26.3756
     115     -37.7317
     116     -26.5530
     117     -29.9449
     118     -33.5228
     119     -33.3437
     120     -23.4110
     121     -34.2926
     122     -33.1710
     123     -33.1574
     124     -37.1330
     125     -36.9559
     126     -36.6599
     127     -35.4534
     128     -27.5342
     129     -44.2481
     130     -34.1634
     131     -29.4784
     132     -24.6017
     133     -44.7061
     134     -33.1574
     135     -32.6033
     136     -30.4109
     137     -30.6075
     138     -27.9247
     139     -31.2182
     140     -31.3108
     141     -37.2975
     142     -28.7040
     143     -20.1402
     144     -24.6239
     145     -20.1973
     146     -23.4067
     147     -20.3783
     148     -28.5694
     149     -35.1625
     150     -33.3371
     151     -21.7063
     152     -29.0150
     153     -40.5346
     154     -22.2305
     155     -23.9089
     156     -23.2626
     157     -22.0724
     158     -37.1572
     159     -10.9175
     160     -27.4285
     161     -36.9753
     162     -31.3704
     163     -30.9600
     164     -28.2751
     165     -28.2668
     166     -28.4671
     167     -32.1047
     168     -32.2394
     169     -18.3207
     170     -31.9332
     171     -32.0872
     172     -17.4438
     173     -24.5353
     174     -25.1942
     175     -35.1782
     176     -37.4568
     177     -26.3089
     178     -30.9466
     179     -32.7731
     180     -33.0953
     181     -24.9469
     182     -24.4751
     183     -20.2182
     184     -30.2421
     185     -24.3135
     186     -19.9103
     187     -31.9654
     188     -36.9142
     189     -35.0513
     190     -30.7785
     191     -23.7613
     192     -25.0061
     193     -34.9413
     194     -31.0828
     195     -33.7270
     196     -28.3097
     197     -32.6074
     198     -26.6955
     199     -30.2533
     200     -32.8684
