#Frame      Dih_00123
       1      43.8241
       2      32.3678
       3      28.7513
       4      38.1574
       5      31.4754
       6      38.4102
       7      42.4431
       8      43.6716
       9      36.5312
      10      41.5852
      11      47.3792
      12      40.0787
      13      22.1295
      14      27.5193
      15      42.1289
      16      46.5078
      17      39.0249
      18      34.4386
      19      34.6541
      20      50.2465
      21      36.9258
      22      33.3528
      23      40.3982
      24      44.4978
      25      30.1709
      26      36.4191
      27      49.0115
      28      43.7885
      29      42.9598
      30      40.5674
      31      46.4166
      32      35.4261
      33      43.4954
      34      34.1611
      35      41.1063
      36      43.8664
      37      35.1500
      38      37.0850
      39      40.2185
      40      42.8065
      41      49.1243
      42      41.0264
      43      36.6509
      44      40.6381
      45      41.0636
      46      35.9526
      47      39.4845
      48      37.3115
      49      35.4716
      50      27.7169
      51      30.7429
      52      34.3838
      53      36.5785
      54      35.8622
      55      34.3311
      56      38.6922
      57      42.7259
      58      45.5247
      59      42.3350
      60      34.5765
      61      28.7372
      62      41.9105
      63      41.7868
      64      39.4487
      65      38.2469
      66      37.5501
      67      37.2411
      68      43.3302
      69      44.3738
      70      30.7129
      71      28.4938
      72      26.9333
      73      42.9762
      74      34.4884
      75      34.1957
      76      39.8051
      77      37.9492
      78      38.1528
      79      40.4563
      80      39.5289
      81      36.0948
      82      35.1774
      83      45.7892
      84      45.2392
      85      42.9777
      86      35.2331
      87      34.6638
      88      40.3782
      89      36.7661
      90      39.3735
      91      39.5608
      92      46.3237
      93      40.5281
      94      39.1281
      95      37.5514
      96      34.1186
      97      40.2982
      98      44.6162
      99      41.5539
     100      35.8740
     101      45.0130
     102      45.5019
     103      43.1608
     104      36.4962
     105      29.6742
     106      41.5275
     107      42.3799
     108      40.3547
     109      36.0536
     110      42.6272
     111      40.2304
     112      45.1286
     113      39.5718
     114      38.4657
     115      43.4195
     116      38.8432
     117      40.1979
     118      43.1631
     119      46.9471
     120      36.4777
     121      37.4331
     122      45.9723
     123      42.3964
     124      39.5587
     125      42.5080
     126      46.0629
     127      45.6684
     128      39.5549
     129      44.7397
     130      47.9462
     131      40.1239
     132      31.9324
     133      43.6722
     134      40.5269
     135      41.8651
     136      41.5705
     137      35.2596
     138      33.3954
     139      40.1543
     140      36.3730
     141      43.5554
     142      41.3773
     143      38.1466
     144      36.6851
     145      31.1215
     146      37.5646
     147      34.6227
     148      37.0792
     149      37.7400
     150      37.8001
     151      34.6639
     152      37.1861
     153      40.8007
     154      31.1774
     155      32.9491
     156      35.6134
     157      33.0585
     158      38.1725
     159      24.3265
     160      36.1283
     161      46.3244
     162      37.3015
     163      36.6496
     164      39.5483
     165      33.3814
     166      29.1961
     167      37.5570
     168      39.8995
     169      35.0142
     170      37.6043
     171      36.1322
     172      26.1622
     173      34.3523
     174      39.2672
     175      40.5873
     176      43.8517
     177      39.4545
     178      46.9376
     179      46.8426
     180      39.0911
     181      32.4284
     182      37.7514
     183      37.1252
     184      34.7490
     185      36.1258
     186      38.1186
     187      41.1513
     188      44.5973
     189      40.0767
     190      40.2419
     191      41.3561
     192      38.8203
     193      34.4307
     194      40.5038
     195      43.0688
     196      42.1723
     197      42.4550
     198      35.9906
     199      40.6494
     200      34.5522
