#Frame      Dih_00121
       1       9.8982
       2       7.6061
       3       9.8956
       4       2.4167
       5       0.7911
       6       7.0120
       7      13.0033
       8      11.3867
       9      13.5767
      10       7.2380
      11      10.1812
      12      19.2555
      13       2.8982
      14       3.6024
      15      12.0853
      16      19.7930
      17       7.9926
      18      -3.4386
      19      19.7010
      20       5.9861
      21      15.8512
      22      -3.6749
      23      15.2187
      24      11.7851
      25       1.4803
      26      11.6494
      27       6.1617
      28      10.1178
      29       8.1913
      30      17.4588
      31      12.5259
      32      11.5833
      33       4.3677
      34       0.3252
      35       7.2026
      36      24.4415
      37       0.1448
      38       5.1483
      39      10.0519
      40      19.6971
      41      17.1301
      42      13.0103
      43      -5.3840
      44       9.2483
      45      15.4061
      46      -2.7916
      47       6.0734
      48       4.4054
      49      15.7100
      50      -2.0118
      51       3.5824
      52       9.8891
      53      10.9499
      54      14.0132
      55      -0.2317
      56       2.9934
      57      16.8467
      58      11.0566
      59      10.4737
      60      -5.9016
      61      -5.0374
      62      18.2819
      63      10.7685
      64      11.5947
      65      -2.3879
      66       0.7480
      67      -4.1595
      68       2.6612
      69      16.4561
      70      -1.7578
      71      -1.8275
      72      -3.9975
      73      18.4377
      74      14.8110
      75      -3.3024
      76       9.9302
      77       8.2550
      78      -8.3735
      79      -7.2078
      80      15.6351
      81       6.7178
      82       8.8349
      83       5.6308
      84       2.2936
      85       9.3477
      86      15.7408
      87      16.9937
      88       1.2551
      89       5.9427
      90      10.2951
      91      -0.5632
      92       4.3311
      93       8.7219
      94      16.4681
      95       4.9886
      96      -0.2683
      97       7.2632
      98      18.5729
      99      12.3093
     100      -4.5778
     101       2.3354
     102       8.9118
     103      15.8012
     104      10.5513
     105     -10.3587
     106       4.1967
     107      10.6635
     108       5.9841
     109       7.3234
     110       4.0822
     111      12.8220
     112      19.6579
     113      13.6999
     114       3.3166
     115      15.1443
     116       2.8233
     117       7.0095
     118       4.9119
     119       7.0746
     120      -1.9851
     121      15.9515
     122       5.9960
     123       9.5672
     124      15.3578
     125      14.3656
     126      10.5317
     127       9.5849
     128       0.9329
     129      26.7562
     130       5.5289
     131       2.9790
     132       4.8263
     133      25.0507
     134      13.9132
     135       6.8745
     136       5.8781
     137      11.8011
     138       7.5682
     139       5.3504
     140      11.3097
     141      16.0114
     142       5.6372
     143      -7.6839
     144      -0.6140
     145      -1.0137
     146      -3.1919
     147      -3.5214
     148       4.7574
     149      18.2637
     150      12.7109
     151      -1.2535
     152       4.9840
     153      21.7728
     154       4.4137
     155       1.2016
     156      -3.4203
     157       2.2077
     158      15.2541
     159     -10.7596
     160       4.1960
     161      10.3585
     162      11.8928
     163       7.9923
     164       3.3800
     165       9.5910
     166      13.2486
     167       9.1657
     168      11.6257
     169      -5.8543
     170      12.7374
     171      13.2285
     172       1.3179
     173       3.5286
     174      -0.3331
     175      16.7529
     176      15.9329
     177       1.1570
     178       1.3739
     179       6.0522
     180      13.5959
     181       9.1910
     182      -3.2453
     183      -6.6115
     184      13.9652
     185      -0.0849
     186      -8.6989
     187      10.4307
     188      13.0975
     189      13.8985
     190       5.5391
     191      -5.6793
     192      -0.1250
     193      20.1268
     194       5.8408
     195       5.1315
     196       3.3304
     197       5.8703
     198       5.9547
     199       8.7294
     200      17.4198
