#Frame      Dih_00125
       1      19.9577
       2      14.3249
       3       8.8913
       4      25.1693
       5      19.7357
       6      19.9406
       7      14.0221
       8      17.5302
       9      12.2672
      10      19.1726
      11      21.6811
      12       7.8735
      13      12.1583
      14      16.3708
      15      14.6388
      16      10.9221
      17      19.2148
      18      28.3489
      19       2.5190
      20      25.1927
      21       8.8752
      22      26.0363
      23      13.7187
      24      18.3309
      25      17.1682
      26      13.1395
      27      26.0417
      28      16.7888
      29      19.7714
      30       8.6510
      31      17.6764
      32      11.0387
      33      24.4433
      34      21.9001
      35      21.0775
      36       3.4664
      37      23.4866
      38      18.7641
      39      16.8678
      40       8.1288
      41      15.1066
      42      14.1147
      43      27.4590
      44      20.8276
      45      12.0582
      46      26.3737
      47      20.3962
      48      22.8547
      49       8.1952
      50      20.6717
      51      18.0131
      52      14.8576
      53      13.0701
      54      10.2931
      55      24.1725
      56      20.9721
      57      12.2094
      58      18.5417
      59      18.8064
      60      27.5304
      61      24.3377
      62       8.8071
      63      16.4625
      64      14.9791
      65      27.5678
      66      25.1676
      67      27.8389
      68      26.5606
      69      13.5428
      70      23.0971
      71      19.5797
      72      22.3380
      73      12.7090
      74       7.8276
      75      26.4314
      76      16.4683
      77      16.4071
      78      35.6604
      79      33.5978
      80      10.6396
      81      17.9805
      82      16.4348
      83      24.7742
      84      26.6647
      85      22.3655
      86       6.6514
      87       6.6399
      88      24.7225
      89      18.1451
      90      16.1168
      91      28.1340
      92      23.8351
      93      18.0417
      94       9.5270
      95      21.6190
      96      23.7781
      97      20.8063
      98       8.7511
      99      15.9718
     100      29.1193
     101      28.3457
     102      19.8096
     103      13.6579
     104      13.0307
     105      32.2124
     106      24.2995
     107      17.4550
     108      19.9429
     109      19.5369
     110      23.6394
     111      13.5499
     112       9.5009
     113      11.9970
     114      22.5033
     115      13.6450
     116      24.1690
     117      19.4935
     118      23.7840
     119      23.6904
     120      25.6697
     121       9.9913
     122      23.1858
     123      17.4680
     124      10.9452
     125      14.5854
     126      18.8449
     127      20.6827
     128      24.8246
     129       1.5215
     130      26.1048
     131      24.8606
     132      17.1889
     133       5.5837
     134      11.8489
     135      21.8361
     136      23.0446
     137      12.1005
     138      15.0665
     139      22.2590
     140      14.0226
     141      12.6393
     142      21.6289
     143      33.4094
     144      27.0567
     145      21.6314
     146      28.8608
     147      25.6777
     148      21.7358
     149       7.6969
     150      12.4044
     151      24.3588
     152      21.6533
     153       5.2270
     154      16.0713
     155      23.0225
     156      27.7542
     157      18.7732
     158      13.0177
     159      27.9954
     160      21.5953
     161      20.1168
     162      13.8791
     163      17.1590
     164      22.9755
     165      12.9285
     166       6.1550
     167      16.9301
     168      13.7732
     169      28.7657
     170      11.7025
     171      10.5123
     172      15.7626
     173      20.6270
     174      25.8124
     175       8.8306
     176      12.3557
     177      24.5950
     178      28.5382
     179      22.2376
     180      11.7504
     181      11.3780
     182      29.7769
     183      30.0865
     184       9.1944
     185      25.0044
     186      34.3771
     187      17.5553
     188      18.0285
     189      13.5386
     190      21.8204
     191      33.1312
     192      24.5539
     193       3.0928
     194      20.2650
     195      24.6092
     196      23.6694
     197      21.1194
     198      18.0119
     199      17.8658
     200       4.9206
