#Frame      Dih_00124
       1     -40.2438
       2     -29.9142
       3     -23.3507
       4     -40.9837
       5     -32.4768
       6     -35.0559
       7     -34.3454
       8     -37.8670
       9     -31.2957
      10     -36.5776
      11     -42.2173
      12     -30.9443
      13     -21.9117
      14     -26.7290
      15     -35.2759
      16     -36.1089
      17     -37.6064
      18     -40.0061
      19     -23.9294
      20     -46.3092
      21     -29.4262
      22     -35.6571
      23     -34.8875
      24     -39.6501
      25     -28.7309
      26     -31.3079
      27     -47.0202
      28     -38.0597
      29     -37.0981
      30     -31.2752
      31     -39.4755
      32     -29.0696
      33     -41.6470
      34     -34.7337
      35     -39.3688
      36     -29.5922
      37     -35.5775
      38     -34.8613
      39     -36.5185
      40     -31.1873
      41     -39.9080
      42     -34.0169
      43     -39.8775
      44     -39.2308
      45     -33.5366
      46     -36.2761
      47     -38.2149
      48     -40.2086
      49     -27.6231
      50     -31.0276
      51     -32.6214
      52     -31.8770
      53     -31.5577
      54     -30.2976
      55     -36.4397
      56     -36.6210
      57     -34.8711
      58     -41.0653
      59     -40.0584
      60     -39.8501
      61     -32.2391
      62     -31.8781
      63     -36.6785
      64     -35.8343
      65     -41.7618
      66     -41.0056
      67     -41.1058
      68     -43.1721
      69     -35.5937
      70     -36.1783
      71     -30.8208
      72     -30.0728
      73     -37.8931
      74     -28.0472
      75     -37.8096
      76     -36.4455
      77     -34.0018
      78     -46.7733
      79     -45.4657
      80     -31.8275
      81     -35.2663
      82     -34.7123
      83     -43.1810
      84     -43.7150
      85     -43.5071
      86     -26.0181
      87     -27.2748
      88     -40.9954
      89     -33.8412
      90     -34.4939
      91     -44.0394
      92     -44.4206
      93     -37.0007
      94     -31.8403
      95     -37.1954
      96     -34.7310
      97     -39.9762
      98     -33.3574
      99     -36.0987
     100     -41.8617
     101     -46.6703
     102     -40.7205
     103     -35.5169
     104     -31.1298
     105     -37.1174
     106     -41.4088
     107     -37.4952
     108     -39.0120
     109     -34.9165
     110     -40.4171
     111     -32.1498
     112     -33.1285
     113     -32.6327
     114     -37.5629
     115     -36.2707
     116     -38.0984
     117     -37.7817
     118     -39.5705
     119     -43.3574
     120     -38.2670
     121     -29.7678
     122     -42.3383
     123     -35.8164
     124     -30.9993
     125     -34.2631
     126     -40.0188
     127     -42.4020
     128     -38.2917
     129     -30.0740
     130     -44.3013
     131     -39.8824
     132     -30.4441
     133     -33.5267
     134     -32.3506
     135     -40.2689
     136     -41.2134
     137     -30.6618
     138     -30.2618
     139     -39.1505
     140     -31.5175
     141     -35.8196
     142     -39.2995
     143     -44.0562
     144     -40.2397
     145     -33.2683
     146     -42.7149
     147     -36.2341
     148     -36.1774
     149     -28.5998
     150     -31.1113
     151     -36.7583
     152     -38.3877
     153     -29.3822
     154     -30.3514
     155     -37.0329
     156     -39.0700
     157     -31.1457
     158     -36.2499
     159     -31.8565
     160     -35.9087
     161     -40.5722
     162     -32.9183
     163     -32.9022
     164     -38.1613
     165     -29.2594
     166     -22.3786
     167     -33.5996
     168     -32.7935
     169     -38.2358
     170     -30.2942
     171     -27.8533
     172     -26.0529
     173     -35.7712
     174     -39.3778
     175     -30.4925
     176     -35.5510
     177     -38.4564
     178     -45.6060
     179     -44.6082
     180     -31.4644
     181     -27.9375
     182     -42.8910
     183     -41.6664
     184     -28.5601
     185     -37.4022
     186     -42.3139
     187     -38.6670
     188     -40.6336
     189     -33.8182
     190     -38.9261
     191     -47.3826
     192     -39.7315
     193     -24.1425
     194     -38.2619
     195     -42.6068
     196     -39.3468
     197     -37.1211
     198     -33.4247
     199     -37.1198
     200     -23.7427
