#Frame      Dih_00127
       1     -33.8866
       2     -26.4395
       3     -23.3028
       4     -31.0004
       5     -33.1945
       6     -26.0302
       7     -21.2436
       8     -30.2574
       9     -34.3243
      10     -23.3346
      11     -37.6668
      12     -33.3921
      13     -21.7356
      14     -21.5499
      15     -25.2079
      16     -30.5489
      17     -23.5914
      18     -34.0627
      19     -31.4512
      20     -31.3085
      21     -29.2561
      22     -27.8412
      23     -27.0966
      24     -25.2945
      25     -24.8846
      26     -25.0831
      27     -28.1630
      28     -24.8035
      29     -20.3969
      30     -28.6696
      31     -27.9846
      32     -23.8950
      33     -24.3475
      34     -35.4587
      35     -28.0607
      36     -31.8626
      37     -33.8021
      38     -26.3348
      39     -28.1710
      40     -47.2957
      41     -28.6440
      42     -21.6787
      43     -23.0936
      44     -29.7390
      45     -29.7981
      46     -24.2643
      47     -27.2049
      48     -38.9614
      49     -28.3053
      50     -29.3574
      51     -30.3364
      52     -25.9995
      53     -37.7680
      54     -40.2137
      55     -23.6526
      56     -21.7833
      57     -33.8708
      58     -31.0707
      59     -28.5706
      60     -30.5705
      61     -31.8867
      62     -34.6926
      63     -30.3801
      64     -34.5751
      65     -20.9952
      66     -35.0866
      67     -33.7157
      68     -30.1086
      69     -23.5738
      70     -32.2604
      71     -29.1507
      72     -25.0692
      73     -24.3193
      74     -37.2307
      75     -33.2108
      76     -20.0840
      77     -26.5546
      78     -31.0609
      79     -38.0952
      80     -27.2074
      81     -25.8348
      82     -27.8503
      83     -28.4559
      84     -39.5457
      85     -22.5968
      86     -33.9193
      87     -26.4730
      88     -25.9810
      89     -21.2906
      90     -34.0143
      91     -29.8022
      92     -31.1413
      93     -21.4848
      94     -34.9501
      95     -31.4272
      96     -26.1852
      97     -21.2248
      98     -25.8273
      99     -36.1221
     100     -20.5173
     101     -26.7870
     102     -29.9522
     103     -26.3051
     104     -23.3872
     105     -29.2538
     106     -22.0472
     107     -29.5941
     108     -27.7344
     109     -23.1065
     110     -33.8854
     111     -23.2779
     112     -30.6949
     113     -24.6855
     114     -29.8223
     115     -35.6004
     116     -31.3625
     117     -27.7623
     118     -25.9437
     119     -35.7784
     120     -33.4385
     121     -36.3634
     122     -29.0884
     123     -43.8036
     124     -26.4206
     125     -30.2682
     126     -34.5849
     127     -36.9877
     128     -37.6865
     129     -29.0801
     130     -35.8193
     131     -32.5266
     132     -32.4998
     133     -38.3432
     134     -32.0888
     135     -26.4028
     136     -30.9616
     137     -36.4635
     138     -32.9478
     139     -32.7076
     140     -21.3983
     141     -30.0827
     142     -42.1943
     143     -38.2717
     144     -18.6774
     145     -36.2167
     146     -31.7819
     147     -29.3459
     148     -26.9109
     149     -30.9070
     150     -14.0343
     151     -31.8896
     152     -27.6592
     153     -36.0332
     154     -22.3142
     155     -34.2291
     156     -36.0934
     157     -35.3196
     158     -31.9222
     159     -24.3916
     160     -25.7862
     161     -29.6266
     162     -29.0099
     163     -35.9932
     164     -31.1946
     165     -34.7593
     166     -20.9003
     167     -24.8404
     168     -43.7957
     169     -29.8949
     170     -32.4384
     171     -26.7154
     172     -33.3411
     173     -33.4240
     174     -33.7005
     175     -30.3486
     176     -37.2904
     177     -31.1986
     178     -32.2270
     179     -31.5481
     180     -32.4383
     181     -25.3118
     182     -33.9189
     183     -29.6133
     184     -33.8688
     185     -16.2848
     186     -21.0239
     187     -21.0436
     188     -31.7087
     189     -37.8227
     190     -30.3432
     191     -28.8805
     192     -23.7531
     193     -15.3072
     194     -22.2033
     195     -37.7116
     196     -32.8522
     197     -28.3431
     198     -20.1791
     199     -19.8824
     200     -17.5536
