#Frame      Dih_00129
       1     -33.5341
       2     -35.4250
       3     -36.8651
       4     -29.8581
       5     -35.3971
       6     -38.5162
       7     -29.4404
       8     -37.2848
       9     -45.2206
      10     -40.0127
      11     -31.7801
      12     -37.4928
      13     -32.5198
      14     -36.9229
      15     -30.0307
      16     -35.1962
      17     -29.5966
      18     -39.2237
      19     -38.0417
      20     -18.2921
      21     -35.6679
      22     -32.2893
      23     -36.6745
      24     -36.3758
      25     -37.7007
      26     -39.2257
      27     -36.9962
      28     -43.3377
      29     -32.7753
      30     -38.1729
      31     -34.4517
      32     -30.2751
      33     -38.8462
      34     -38.1841
      35     -30.3505
      36     -35.4442
      37     -34.2545
      38     -41.2736
      39     -37.1052
      40     -27.0221
      41     -36.3261
      42     -40.7003
      43     -43.6107
      44     -38.3218
      45     -28.0285
      46     -29.5821
      47     -28.6795
      48     -35.5239
      49     -37.6701
      50     -37.7714
      51     -33.1584
      52     -37.1615
      53     -32.8524
      54     -43.7280
      55     -29.3787
      56     -35.0762
      57     -35.2841
      58     -37.7664
      59     -35.9933
      60     -36.8738
      61     -40.5267
      62     -36.8902
      63     -32.0289
      64     -37.2307
      65     -30.8951
      66     -30.3115
      67     -36.2106
      68     -38.7620
      69     -43.2506
      70     -39.1366
      71     -35.3388
      72     -27.7460
      73     -42.2223
      74     -36.4239
      75     -32.6082
      76     -36.4345
      77     -33.0702
      78     -43.1195
      79     -42.1865
      80     -27.9111
      81     -32.9391
      82     -44.4301
      83     -35.1994
      84     -28.9258
      85     -32.7594
      86     -39.4940
      87     -40.3757
      88     -28.5170
      89     -29.3140
      90     -30.2891
      91     -31.3453
      92     -36.4707
      93     -32.8271
      94     -34.7863
      95     -34.2345
      96     -27.9581
      97     -35.8037
      98     -38.9330
      99     -31.4562
     100     -38.0621
     101     -34.6925
     102     -42.0064
     103     -34.5222
     104     -38.5212
     105     -48.3289
     106     -37.7208
     107     -34.5693
     108     -46.6436
     109     -41.3938
     110     -37.8401
     111     -40.8147
     112     -36.1940
     113     -43.4334
     114     -44.3625
     115     -41.9790
     116     -47.3322
     117     -40.7681
     118     -44.3193
     119     -30.2159
     120     -34.0430
     121     -37.6938
     122     -34.7806
     123     -46.9031
     124     -38.1007
     125     -40.0972
     126     -34.9059
     127     -33.7242
     128     -34.9423
     129     -26.8074
     130     -34.3004
     131     -33.8936
     132     -46.1932
     133     -40.8483
     134     -40.1683
     135     -38.5889
     136     -38.7137
     137     -30.0299
     138     -31.6620
     139     -39.6989
     140     -46.1278
     141     -27.0287
     142     -35.9144
     143     -44.5328
     144     -36.5925
     145     -38.9781
     146     -44.0256
     147     -45.2768
     148     -39.8343
     149     -45.0597
     150     -35.7701
     151     -49.8353
     152     -32.1622
     153     -33.5398
     154     -43.1974
     155     -39.9481
     156     -27.8045
     157     -37.9936
     158     -45.7955
     159     -42.4328
     160     -33.4510
     161     -44.0285
     162     -37.7092
     163     -38.8292
     164     -38.2665
     165     -35.7226
     166     -35.4199
     167     -28.1876
     168     -37.4726
     169     -45.8626
     170     -31.4985
     171     -40.8348
     172     -32.8456
     173     -40.4009
     174     -35.3646
     175     -40.7890
     176     -42.3988
     177     -43.3169
     178     -36.3441
     179     -40.3244
     180     -41.8910
     181     -42.8195
     182     -36.8841
     183     -35.6493
     184     -33.6422
     185     -36.6139
     186     -32.5898
     187     -38.8490
     188     -41.1150
     189     -42.7760
     190     -42.4941
     191     -32.5202
     192     -38.0489
     193     -34.0820
     194     -43.3525
     195     -41.6256
     196     -37.8112
     197     -40.7269
     198     -25.6871
     199     -33.8019
     200     -32.6645
