#Frame      Dih_00126
       1      13.3963
       2       4.6411
       3      -0.8316
       4      13.2410
       5      15.1368
       6       3.0153
       7       4.3346
       8       7.5394
       9       5.8971
      10      -2.1703
      11      16.5681
      12       8.5080
      13       3.0385
      14      -1.3744
      15       8.3827
      16      10.4375
      17       5.4959
      18       9.3378
      19       7.6568
      20      19.4005
      21       6.6454
      22       7.3201
      23       2.8891
      24       3.4139
      25       0.3423
      26       1.8906
      27       4.2545
      28      -2.5414
      29       0.7674
      30       4.4811
      31       7.0225
      32       4.7653
      33      -0.6557
      34      12.7502
      35       9.9294
      36      10.8364
      37      12.5048
      38       0.7006
      39       4.6428
      40      29.8398
      41       5.4001
      42      -4.2894
      43      -6.9209
      44       6.6110
      45      11.9177
      46       7.1929
      47       9.2951
      48      16.4992
      49       5.7916
      50       5.9623
      51       9.4015
      52       2.1395
      53      18.2880
      54      13.8335
      55       4.6356
      56      -0.9147
      57      12.9602
      58       7.8345
      59       6.7813
      60       6.2670
      61       5.4624
      62      12.8303
      63      12.3565
      64      10.7360
      65       2.0283
      66      18.1470
      67      12.7454
      68       7.4118
      69      -5.0238
      70       7.9571
      71       6.4799
      72       5.8802
      73      -2.5600
      74      14.8908
      75      13.3272
      76      -3.3846
      77       3.4996
      78       5.0305
      79      11.9286
      80       7.4418
      81       3.7504
      82       0.5993
      83       7.0184
      84      21.2326
      85       2.3837
      86       8.9414
      87       0.8177
      88       8.2413
      89       1.9425
      90      14.6912
      91      11.1601
      92       7.6769
      93       0.8027
      94      14.4181
      95      11.2190
      96       8.7218
      97      -0.8760
      98       2.0542
      99      17.8784
     100      -3.4572
     101       5.6282
     102       3.5113
     103       4.1514
     104      -0.7654
     105      -1.8013
     106      -3.6012
     107       6.7672
     108      -2.6118
     109      -0.9045
     110      10.8210
     111      -2.8683
     112       6.4169
     113      -0.8249
     114       2.8084
     115      11.7445
     116       0.1499
     117       2.7518
     118      -1.4723
     119      17.7456
     120      16.3510
     121      13.0248
     122       8.3387
     123      15.5219
     124       2.6727
     125       5.7607
     126      13.6111
     127      16.5616
     128      17.0246
     129      13.1636
     130      16.9162
     131      13.1794
     132       4.2696
     133      12.9481
     134       5.5268
     135       2.8737
     136       7.2425
     137      19.6793
     138      13.4752
     139       9.0340
     140      -5.3134
     141      11.9933
     142      22.2074
     143      11.3676
     144      -5.2710
     145      12.8245
     146       5.2129
     147       3.9536
     148       4.1845
     149       2.3803
     150      -7.9717
     151       0.1498
     152       8.3992
     153      11.8984
     154      -2.9289
     155       7.6942
     156      20.1163
     157      10.4202
     158       4.2184
     159      -2.9162
     160       4.8497
     161       2.3086
     162       4.3785
     163      11.4608
     164       8.1047
     165      12.3371
     166      -0.7139
     167       4.2613
     168      18.5930
     169       2.8276
     170      11.9876
     171       0.7233
     172      15.2515
     173       7.7491
     174      13.6902
     175       5.7089
     176      13.4420
     177       4.6748
     178       8.9348
     179       3.9325
     180       4.4470
     181      -1.2708
     182      10.3043
     183       8.3680
     184      12.6417
     185      -8.0160
     186       1.6387
     187      -1.2603
     188       4.9927
     189      13.1523
     190       2.3114
     191       8.5276
     192       1.9821
     193      -5.9274
     194      -6.6013
     195      12.5677
     196       9.7265
     197       3.1940
     198       5.8635
     199      -1.5301
     200      -3.2249
