#Frame      Dih_00128
       1      39.2784
       2      36.2653
       3      35.9228
       4      34.9765
       5      40.5914
       6      37.1161
       7      31.8928
       8      39.2552
       9      44.5143
      10      37.1826
      11      40.9723
      12      42.6119
      13      31.0712
      14      33.1367
      15      34.4210
      16      38.4970
      17      31.3893
      18      43.6102
      19      40.8762
      20      29.6356
      21      36.8514
      22      35.6489
      23      38.3096
      24      37.9577
      25      38.0670
      26      38.4185
      27      37.4516
      28      41.8468
      29      32.1225
      30      40.0647
      31      35.9300
      32      32.4682
      33      36.4997
      34      43.0499
      35      34.0629
      36      37.8695
      37      40.7129
      38      41.3353
      39      37.8562
      40      41.7183
      41      39.1724
      42      36.4097
      43      39.3259
      44      40.0782
      45      33.8239
      46      31.8765
      47      35.0606
      48      41.4165
      49      36.7367
      50      38.2240
      51      35.6467
      52      37.3316
      53      42.3705
      54      49.0788
      55      31.5164
      56      34.8686
      57      40.3467
      58      40.2250
      59      35.8980
      60      39.9519
      61      44.2101
      62      40.8928
      63      36.7471
      64      40.8411
      65      30.9909
      66      37.9517
      67      42.0598
      68      39.8683
      69      39.4300
      70      41.6778
      71      38.0575
      72      32.6910
      73      37.8754
      74      43.7160
      75      39.7454
      76      34.1742
      77      35.6143
      78      45.2460
      79      45.1869
      80      33.6774
      81      35.7522
      82      41.3899
      83      36.5806
      84      39.6420
      85      32.6450
      86      41.4768
      87      37.1115
      88      30.9702
      89      30.2520
      90      35.8110
      91      34.5738
      92      39.4992
      93      31.8895
      94      38.7748
      95      39.5466
      96      32.3611
      97      34.0590
      98      40.1681
      99      39.8516
     100      34.9299
     101      38.7170
     102      41.0072
     103      35.0330
     104      35.7937
     105      46.3315
     106      36.1834
     107      38.2338
     108      43.1710
     109      38.3386
     110      40.0506
     111      38.1631
     112      41.6391
     113      37.9527
     114      41.6692
     115      44.9817
     116      45.0907
     117      43.5985
     118      39.8705
     119      37.4851
     120      39.3705
     121      42.4638
     122      37.3762
     123      52.7585
     124      38.7404
     125      41.0766
     126      41.3611
     127      41.2545
     128      43.8311
     129      34.3897
     130      42.1643
     131      36.8174
     132      47.5945
     133      48.3852
     134      42.1093
     135      36.7445
     136      38.2950
     137      41.9571
     138      38.4051
     139      40.3991
     140      39.6706
     141      35.2762
     142      48.4490
     143      48.0161
     144      32.7776
     145      44.1083
     146      44.8915
     147      43.6163
     148      41.1496
     149      42.4305
     150      30.1442
     151      46.4122
     152      37.0747
     153      40.8278
     154      38.8826
     155      42.4079
     156      37.5503
     157      45.0698
     158      45.4236
     159      38.7759
     160      33.4938
     161      42.4382
     162      38.9786
     163      45.6974
     164      40.6813
     165      39.6717
     166      34.4416
     167      31.3539
     168      45.4384
     169      44.4480
     170      37.5814
     171      38.3470
     172      39.3236
     173      44.9608
     174      41.0947
     175      41.3647
     176      45.8182
     177      46.0706
     178      39.3360
     179      43.1969
     180      45.0975
     181      39.9484
     182      40.3622
     183      40.2690
     184      42.9675
     185      30.7655
     186      29.5438
     187      36.1013
     188      42.7881
     189      47.8427
     190      43.0517
     191      35.8936
     192      36.0577
     193      28.8696
     194      39.4428
     195      49.3676
     196      40.3528
     197      38.2150
     198      26.8143
     199      31.3646
     200      29.6905
