#Frame      Dih_00130
       1      14.1017
       2      19.9197
       3      23.9780
       4      11.2468
       5      12.3717
       6      21.9731
       7      15.1753
       8      19.2275
       9      26.5388
      10      26.6028
      11      10.3009
      12      18.2391
      13      18.2744
      14      23.6588
      15      13.0255
      16      16.4666
      17      14.7171
      18      19.2042
      19      19.8773
      20       0.4716
      21      17.9136
      22      16.4959
      23      22.3077
      24      20.8642
      25      24.4034
      26      22.7889
      27      21.3352
      28      29.0544
      29      19.6195
      30      21.8847
      31      17.2906
      32      16.8899
      33      25.8211
      34      17.3127
      35      13.5780
      36      15.9901
      37      14.6775
      38      25.3112
      39      21.0680
      40      -1.0242
      41      19.8470
      42      28.0953
      43      33.0373
      44      20.0069
      45      11.0302
      46      13.8678
      47      12.5429
      48      12.7015
      49      19.9711
      50      19.4179
      51      15.3129
      52      22.4837
      53       9.3715
      54      19.2578
      55      16.4982
      56      24.0741
      57      14.5123
      58      18.4501
      59      18.5102
      60      20.4501
      61      22.7045
      62      14.0176
      63      12.4031
      64      18.1868
      65      18.0129
      66       8.1537
      67      14.2353
      68      20.9915
      69      30.5453
      70      20.7755
      71      19.4221
      72      14.8975
      73      29.2728
      74      14.7115
      75      12.4223
      76      26.1771
      77      20.7182
      78      24.0528
      79      19.1802
      80      13.3568
      81      19.1653
      82      26.8548
      83      17.7019
      84       4.7270
      85      19.1782
      86      20.0086
      87      25.7644
      88      13.4279
      89      18.1392
      90      10.7421
      91      13.5729
      92      18.9869
      93      20.8851
      94      13.0714
      95      15.1872
      96      12.7738
      97      23.6273
      98      23.8080
      99       9.2229
     100      26.9134
     101      18.0716
     102      24.4390
     103      20.0149
     104      25.1785
     105      31.6404
     106      28.2476
     107      19.4995
     108      31.5367
     109      25.8756
     110      16.7877
     111      28.6134
     112      19.6352
     113      28.9244
     114      25.6909
     115      17.6134
     116      31.1765
     117      24.1181
     118      29.0877
     119       9.0539
     120      11.2653
     121      16.4767
     122      16.4419
     123      19.8358
     124      22.7126
     125      22.0310
     126      13.0920
     127      10.2290
     128      12.1713
     129       8.8453
     130      10.1299
     131      12.5827
     132      26.5117
     133      18.4348
     134      22.3656
     135      22.3259
     136      19.7719
     137       6.7938
     138      12.4683
     139      18.0125
     140      32.7504
     141      10.1975
     142      10.3152
     143      19.0537
     144      27.3824
     145      16.3777
     146      24.8335
     147      24.2953
     148      20.8237
     149      27.2650
     150      26.4989
     151      33.4930
     152      15.6429
     153      15.3103
     154      26.9364
     155      21.5212
     156       5.4927
     157      18.5280
     158      27.8719
     159      29.2161
     160      18.0790
     161      25.4433
     162      22.1662
     163      17.7893
     164      19.1179
     165      14.9987
     166      23.1508
     167      15.4904
     168      12.0592
     169      25.6328
     170      11.8632
     171      25.7370
     172      10.7237
     173      21.2623
     174      14.3567
     175      21.6584
     176      18.6272
     177      25.5553
     178      18.6392
     179      24.4168
     180      24.7394
     181      27.2864
     182      17.7622
     183      17.1393
     184      13.7881
     185      30.5148
     186      19.3610
     187      24.8696
     188      23.4426
     189      19.0874
     190      26.2902
     191      15.9392
     192      21.6170
     193      25.3428
     194      32.6003
     195      18.9299
     196      18.8051
     197      23.2414
     198      12.2295
     199      22.3522
     200      23.3365
