#Frame      Dih_00132
       1     -29.4356
       2     -29.5078
       3     -28.7579
       4     -22.9952
       5     -21.9055
       6     -21.3993
       7     -22.0364
       8     -29.2885
       9     -15.4332
      10     -26.7511
      11     -20.3246
      12     -22.7764
      13     -19.6531
      14     -24.5169
      15     -18.9078
      16     -20.3946
      17      -8.4737
      18     -17.5888
      19     -18.4131
      20     -32.8640
      21     -20.7585
      22     -16.6995
      23     -26.6073
      24     -24.9938
      25     -36.7741
      26     -33.3555
      27     -20.9498
      28     -17.5745
      29     -30.6336
      30     -23.6641
      31     -25.5166
      32     -18.7600
      33     -23.9050
      34     -25.1013
      35     -23.9755
      36     -22.1543
      37     -32.0438
      38     -32.8797
      39     -21.9297
      40     -19.6982
      41     -23.8793
      42     -35.7834
      43     -24.3675
      44     -11.7795
      45     -32.0845
      46     -34.6454
      47     -18.6253
      48     -25.3642
      49     -33.7464
      50     -21.8546
      51     -30.1191
      52     -36.7374
      53     -26.9840
      54     -34.7026
      55     -26.2461
      56     -35.4187
      57     -23.1309
      58     -22.1699
      59     -23.2984
      60     -24.1012
      61     -23.2710
      62     -26.1707
      63     -31.0689
      64     -13.2510
      65     -16.7058
      66     -28.7204
      67     -32.6985
      68     -29.1652
      69     -15.0990
      70     -36.7972
      71     -28.2759
      72     -12.9398
      73     -20.2482
      74     -27.9534
      75     -27.7486
      76     -27.3061
      77     -19.9983
      78     -12.4342
      79     -20.2602
      80     -36.1876
      81     -22.4760
      82     -24.4603
      83     -31.8780
      84     -31.7510
      85     -34.4042
      86     -30.8071
      87     -15.3972
      88     -28.7070
      89     -31.9271
      90     -31.5315
      91     -23.4392
      92     -27.0981
      93     -22.4269
      94     -23.8444
      95     -28.1937
      96     -21.8350
      97     -16.4300
      98     -25.5401
      99     -28.6207
     100     -23.6622
     101     -14.6150
     102     -27.5267
     103     -42.2507
     104     -29.2094
     105     -18.0333
     106     -33.9170
     107     -28.2450
     108     -29.0821
     109     -33.8885
     110     -28.7462
     111     -12.9030
     112     -29.0682
     113     -32.1067
     114     -36.2341
     115     -31.7722
     116     -20.4610
     117     -40.0797
     118     -32.5419
     119     -30.9497
     120     -35.6961
     121     -21.0865
     122     -23.9960
     123     -23.0101
     124     -14.3973
     125     -19.2662
     126     -27.4916
     127     -22.5686
     128     -13.9917
     129     -34.2224
     130     -29.0843
     131     -15.7014
     132     -23.8106
     133     -22.7147
     134     -34.0792
     135     -25.6052
     136     -26.5215
     137     -25.6688
     138     -21.6568
     139     -30.9255
     140     -29.9990
     141     -27.0758
     142     -25.2766
     143     -20.0250
     144     -27.7054
     145     -32.8190
     146     -17.8894
     147     -26.3522
     148     -35.2997
     149     -39.4540
     150     -21.2780
     151     -32.9917
     152     -34.8366
     153     -32.5679
     154     -31.0616
     155     -18.0205
     156     -27.9119
     157     -26.2797
     158     -27.5785
     159     -28.9579
     160     -35.5566
     161     -29.6918
     162     -29.8595
     163     -20.0493
     164     -35.6061
     165     -28.2384
     166     -31.2494
     167     -21.7143
     168     -16.2759
     169     -32.2007
     170     -19.3861
     171     -13.6778
     172     -26.3718
     173     -27.9662
     174     -21.8707
     175     -21.4154
     176     -11.5902
     177     -14.2846
     178     -24.4957
     179     -15.3970
     180     -21.7274
     181     -16.5309
     182     -18.5838
     183     -25.4786
     184     -23.7721
     185     -14.5873
     186     -21.2377
     187     -26.8425
     188     -29.9132
     189      -9.1135
     190      -7.0035
     191     -23.1767
     192     -30.2442
     193     -24.6694
     194     -13.6080
     195     -32.2378
     196     -36.9934
     197     -20.1395
     198     -25.5658
     199     -25.7780
     200     -28.7698
