#Frame      Dih_00131
       1       6.1370
       2      11.3182
       3      16.0376
       4      -2.8568
       5      -2.7128
       6      -2.6181
       7       0.8934
       8      11.2620
       9     -10.1878
      10       1.6123
      11       2.4401
      12      -1.1790
      13     -10.9160
      14      -1.4060
      15      -3.3645
      16      -2.1366
      17     -19.3013
      18      -2.7480
      19      -5.9150
      20       9.8108
      21       4.6874
      22     -10.0599
      23      -1.6222
      24      -0.0835
      25      20.3745
      26      11.9187
      27      -0.1542
      28      -6.2661
      29       6.3837
      30       6.5435
      31       0.1346
      32      -3.1306
      33       1.6363
      34       4.3994
      35      -3.4614
      36      -0.6328
      37       9.1526
      38      10.1190
      39       3.4816
      40      -1.9724
      41       2.0251
      42      20.3351
      43       0.1870
      44     -14.2842
      45       7.3262
      46       9.9173
      47      -7.3110
      48       2.9295
      49       5.6528
      50       2.8096
      51       5.8304
      52      14.5619
      53      10.2125
      54      10.0988
      55       4.1671
      56      16.1999
      57       3.3980
      58       0.3307
      59       4.4471
      60       1.5773
      61      -1.4478
      62       3.1667
      63      10.4094
      64      -7.7283
      65      -9.3252
      66       1.5679
      67      11.9235
      68       7.5034
      69     -12.3078
      70      21.0693
      71      10.9182
      72     -10.3857
      73     -10.2554
      74       6.6717
      75       4.0742
      76      11.3710
      77      -0.8644
      78      -6.4369
      79       5.5789
      80      15.1997
      81       0.4789
      82       3.0301
      83       6.8146
      84      12.1485
      85       9.9959
      86      13.2714
      87       0.6395
      88       6.9535
      89      14.1431
      90       8.6648
      91       3.1958
      92       5.2324
      93      -2.1067
      94       0.4195
      95      12.9547
      96       0.8514
      97      -3.2948
      98       5.8429
      99       8.7533
     100       8.6403
     101      -6.4248
     102       1.3124
     103      20.4116
     104       8.0539
     105      -3.2186
     106      19.8394
     107       6.2949
     108      11.9340
     109      10.8269
     110       8.2367
     111      -9.3578
     112       5.2630
     113      15.0923
     114      17.9524
     115      15.4219
     116      -8.7479
     117      17.5225
     118      12.0180
     119      12.5325
     120      16.3199
     121      -0.2642
     122       5.8594
     123      -0.2331
     124      -6.4567
     125      -3.1436
     126       7.2218
     127       3.7246
     128      -5.5970
     129      13.5861
     130       6.5883
     131      -4.1174
     132       1.4041
     133       4.0776
     134      14.7294
     135       1.5216
     136       8.5571
     137       5.4944
     138       0.7957
     139       9.1036
     140       4.7428
     141      12.8542
     142       3.1412
     143       4.3485
     144       4.3146
     145      10.5126
     146      -5.3626
     147       5.5642
     148       9.2863
     149      19.2418
     150       1.0747
     151      16.3025
     152      18.0348
     153      10.4132
     154      11.3647
     155      -2.8952
     156       9.8116
     157       4.0254
     158      14.7998
     159       7.3068
     160      20.6334
     161      11.0951
     162      10.2070
     163       5.8180
     164      14.7827
     165       8.0529
     166      12.9608
     167       2.9639
     168      -5.8657
     169       7.3567
     170      -2.7550
     171     -11.4298
     172      14.1716
     173       8.0562
     174       0.9804
     175       2.8086
     176      -2.6822
     177      -7.7509
     178      16.2513
     179      -2.7216
     180       5.7302
     181      -2.4313
     182      -0.5728
     183       6.2888
     184       9.9217
     185      -3.4410
     186       4.1041
     187       2.4416
     188      17.4352
     189      -8.5752
     190      -9.2654
     191       5.4734
     192       5.3260
     193       6.5553
     194     -10.3533
     195      14.6203
     196      18.8134
     197       6.9126
     198       7.6474
     199      -1.6362
     200       6.3603
