#Frame      Dih_00134
       1     -38.5212
       2     -30.3317
       3     -21.3215
       4     -38.7063
       5     -40.2981
       6     -41.1650
       7     -30.6227
       8     -29.1397
       9     -42.1265
      10     -39.2924
      11     -28.6179
      12     -39.1596
      13     -47.6263
      14     -39.9002
      15     -34.4574
      16     -35.9810
      17     -40.3370
      18     -33.5413
      19     -38.1444
      20     -37.9071
      21     -24.1049
      22     -41.6546
      23     -44.4955
      24     -42.9564
      25     -28.5384
      26     -37.3351
      27     -38.4493
      28     -35.1643
      29     -37.5363
      30     -23.2515
      31     -43.0407
      32     -38.1204
      33     -36.5125
      34     -33.5498
      35     -43.0562
      36     -34.0436
      37     -38.4728
      38     -38.7077
      39     -29.4540
      40     -34.5622
      41     -34.7791
      42     -25.1923
      43     -38.2290
      44     -42.8137
      45     -38.4693
      46     -34.8757
      47     -42.8939
      48     -36.5208
      49     -40.3522
      50     -30.0005
      51     -38.8551
      52     -37.1353
      53     -29.4779
      54     -38.6357
      55     -37.4957
      56     -29.9553
      57     -32.0178
      58     -34.6463
      59     -31.2006
      60     -37.1636
      61     -40.4430
      62     -39.6304
      63     -33.6643
      64     -33.8824
      65     -41.2178
      66     -40.0353
      67     -32.8660
      68     -35.1670
      69     -41.8167
      70     -25.3541
      71     -26.0950
      72     -38.1468
      73     -47.3316
      74     -36.6000
      75     -36.9496
      76     -25.7022
      77     -34.1410
      78     -29.1951
      79     -22.2827
      80     -35.2084
      81     -36.1222
      82     -32.3657
      83     -39.5396
      84     -31.1777
      85     -37.4848
      86     -30.9951
      87     -23.5324
      88     -36.6172
      89     -26.7138
      90     -33.6422
      91     -30.6788
      92     -36.1742
      93     -38.1809
      94     -40.0515
      95     -25.9658
      96     -32.7423
      97     -29.9446
      98     -31.2716
      99     -30.3422
     100     -24.1422
     101     -34.6676
     102     -42.2102
     103     -34.6001
     104     -34.8493
     105     -33.4910
     106     -24.7710
     107     -36.8655
     108     -28.2126
     109     -36.8951
     110     -31.2833
     111     -33.9298
     112     -40.1434
     113     -30.0490
     114     -33.1007
     115     -26.9284
     116     -44.5827
     117     -33.5460
     118     -32.9208
     119     -33.2206
     120     -32.7284
     121     -35.3378
     122     -28.1692
     123     -34.5550
     124     -34.8214
     125     -35.0222
     126     -32.5558
     127     -31.5610
     128     -31.3588
     129     -33.7027
     130     -34.6841
     131     -30.7365
     132     -36.4836
     133     -31.6316
     134     -33.2727
     135     -36.6612
     136     -30.6291
     137     -31.2993
     138     -32.7119
     139     -36.1794
     140     -38.7651
     141     -25.4929
     142     -35.3877
     143     -25.5487
     144     -37.1351
     145     -34.5356
     146     -35.6572
     147     -33.9544
     148     -43.3107
     149     -31.3806
     150     -34.4132
     151     -27.4421
     152     -26.9173
     153     -36.0364
     154     -34.9142
     155     -32.3071
     156     -27.9156
     157     -38.9967
     158     -22.4289
     159     -35.2589
     160     -23.7700
     161     -34.3890
     162     -30.8573
     163     -22.9238
     164     -33.6427
     165     -32.6453
     166     -31.9797
     167     -32.3733
     168     -35.2932
     169     -42.2456
     170     -34.2486
     171     -40.7285
     172     -23.2449
     173     -34.2174
     174     -32.5555
     175     -28.8690
     176     -21.8615
     177     -34.1018
     178     -16.4780
     179     -29.4847
     180     -28.3316
     181     -31.0043
     182     -30.7077
     183     -30.6436
     184     -22.6432
     185     -30.1706
     186     -28.1287
     187     -39.8111
     188     -19.8980
     189     -28.5702
     190     -27.4109
     191     -28.5698
     192     -38.2909
     193     -28.3010
     194     -34.6333
     195     -31.5218
     196     -29.5557
     197     -21.8260
     198     -28.7577
     199     -43.0464
     200     -37.2986
