#Frame      Dih_00135
       1      20.1856
       2      12.0545
       3       3.7581
       4      28.5339
       5      26.6423
       6      28.2545
       7      18.8084
       8      11.7287
       9      32.5415
      10      24.5737
      11      17.2482
      12      25.3522
      13      36.3934
      14      27.0847
      15      25.1408
      16      23.2165
      17      37.7020
      18      23.2182
      19      27.3587
      20      18.5032
      21      12.4395
      22      32.0726
      23      27.8891
      24      29.3188
      25       5.7155
      26      15.1899
      27      23.8340
      28      25.5759
      29      20.1306
      30      10.9999
      31      26.5836
      32      24.3879
      33      23.0092
      34      18.6551
      35      29.7219
      36      22.4629
      37      18.7481
      38      17.4235
      39      16.8113
      40      23.8317
      41      20.4505
      42       3.4582
      43      25.0169
      44      36.3275
      45      21.0665
      46      16.9183
      47      30.7434
      48      21.6570
      49      23.2113
      50      17.2433
      51      20.1809
      52      14.7995
      53      12.3321
      54      17.3922
      55      21.2088
      56       9.2371
      57      18.7071
      58      22.6340
      59      16.1442
      60      23.1617
      61      25.0278
      62      23.2322
      63      13.9463
      64      26.0100
      65      31.6029
      66      24.3842
      67      13.4961
      68      18.2017
      69      33.8909
      70       3.7788
      71      10.0737
      72      30.8297
      73      34.6678
      74      18.6863
      75      20.9683
      76       9.3746
      77      21.8427
      78      24.6655
      79      11.8833
      80      12.4176
      81      22.8296
      82      19.1221
      83      20.9702
      84      11.7140
      85      18.8014
      86      11.9056
      87      15.3202
      88      19.4669
      89       8.7348
      90      16.8701
      91      17.7796
      92      19.0632
      93      26.0290
      94      24.1256
      95       8.6863
      96      20.8440
      97      21.9271
      98      16.3392
      99      14.8580
     100       9.9569
     101      24.5242
     102      24.4325
     103       9.6882
     104      18.3425
     105      23.1156
     106       3.7440
     107      19.2431
     108      10.0445
     109      16.3103
     110      15.0724
     111      27.5673
     112      21.7968
     113       9.4234
     114      10.4753
     115       7.2809
     116      34.6086
     117      11.4320
     118      13.3633
     119      12.8573
     120       9.6128
     121      24.0556
     122      15.0619
     123      22.6694
     124      26.4547
     125      24.8347
     126      16.4224
     127      17.4869
     128      22.2926
     129      13.5114
     130      18.5245
     131      22.5852
     132      22.6520
     133      17.6327
     134      11.5316
     135      21.6041
     136      14.2180
     137      16.9517
     138      20.5616
     139      18.6625
     140      21.1123
     141       7.7196
     142      19.5382
     143      13.6704
     144      22.0776
     145      15.8881
     146      27.0674
     147      17.9111
     148      20.9849
     149       8.3016
     150      20.0296
     151       6.7535
     152       6.8646
     153      16.2588
     154      15.3105
     155      22.3110
     156      12.6931
     157      19.9754
     158       5.0470
     159      18.1128
     160       1.9086
     161      14.7761
     162      13.7581
     163      11.5528
     164      12.2538
     165      15.4636
     166      12.2891
     167      17.8095
     168      27.2038
     169      21.7175
     170      23.5075
     171      30.2156
     172       5.6849
     173      16.7380
     174      21.5000
     175      17.7347
     176      15.9080
     177      26.0403
     178       0.7884
     179      20.5016
     180      13.6374
     181      21.1489
     182      19.1697
     183      15.1617
     184       8.1160
     185      21.5897
     186      14.5335
     187      24.0050
     188       1.7937
     189      22.6060
     190      23.1454
     191      14.1221
     192      22.7551
     193      13.9867
     194      30.5712
     195      10.5432
     196       7.2345
     197      10.0662
     198      14.1988
     199      28.0338
     200      20.7407
