#Frame      Dih_00133
       1      40.3612
       2      33.7967
       3      28.7684
       4      35.4191
       5      39.5286
       6      34.5597
       7      32.5677
       8      34.4172
       9      32.9365
      10      36.5287
      11      29.7302
      12      34.9121
      13      39.4178
      14      38.2225
      15      31.3446
      16      32.6634
      17      29.8092
      18      28.1071
      19      34.9136
      20      39.4899
      21      26.0703
      22      33.0327
      23      40.7736
      24      36.1796
      25      41.4054
      26      42.6695
      27      33.5581
      28      31.8268
      29      37.9466
      30      28.4587
      31      39.3793
      32      34.5555
      33      35.5465
      34      34.8946
      35      40.5559
      36      32.4651
      37      40.0661
      38      44.4269
      39      30.2881
      40      30.8126
      41      35.9974
      42      37.3727
      43      34.7568
      44      31.4215
      45      41.4973
      46      42.0736
      47      38.2925
      48      35.0473
      49      43.3523
      50      32.6328
      51      40.9652
      52      42.0581
      53      34.6671
      54      43.5999
      55      36.9331
      56      38.6854
      57      31.9464
      58      32.0606
      59      33.3341
      60      34.1621
      61      37.1316
      62      39.5426
      63      39.2671
      64      26.6899
      65      35.2002
      66      42.1016
      67      38.1309
      68      36.7621
      69      34.3148
      70      36.8018
      71      34.1582
      72      29.2692
      73      38.8754
      74      37.3253
      75      38.2196
      76      32.7348
      77      30.2832
      78      24.0273
      79      27.1676
      80      39.3348
      81      34.9692
      82      32.9492
      83      41.4249
      84      38.2151
      85      42.1065
      86      37.4875
      87      22.8854
      88      37.6012
      89      35.0869
      90      39.8141
      91      31.1792
      92      37.2270
      93      34.6001
      94      40.8166
      95      32.8791
      96      31.1396
      97      28.7095
      98      32.4379
      99      34.5525
     100      27.0536
     101      29.8563
     102      41.0003
     103      46.5329
     104      37.4726
     105      32.1366
     106      33.5083
     107      39.5318
     108      34.6178
     109      42.4760
     110      36.1399
     111      27.7665
     112      40.8511
     113      38.5595
     114      41.3308
     115      34.2968
     116      39.9364
     117      42.8481
     118      38.1855
     119      39.5151
     120      39.7055
     121      32.9324
     122      32.4236
     123      32.5341
     124      28.1888
     125      34.0315
     126      34.0060
     127      32.2593
     128      28.2380
     129      39.0857
     130      38.1816
     131      27.4581
     132      35.5466
     133      31.6466
     134      39.9445
     135      36.4886
     136      32.1466
     137      34.3607
     138      32.7828
     139      36.9070
     140      42.2699
     141      29.9905
     142      33.9159
     143      26.2196
     144      40.7367
     145      36.7066
     146      32.2146
     147      35.0186
     148      47.8687
     149      40.3096
     150      33.9337
     151      36.6635
     152      36.4434
     153      39.2717
     154      36.7332
     155      30.9014
     156      33.4993
     157      35.7355
     158      29.1624
     159      37.1733
     160      33.7828
     161      38.5304
     162      34.9287
     163      25.5642
     164      39.4738
     165      35.5445
     166      36.0451
     167      32.1416
     168      29.4198
     169      44.0358
     170      32.0650
     171      32.4459
     172      28.1235
     173      35.0673
     174      33.0173
     175      28.3348
     176      19.4675
     177      28.1646
     178      23.3177
     179      26.7568
     180      30.2550
     181      26.4624
     182      28.9522
     183      33.6724
     184      26.9573
     185      25.4864
     186      28.4463
     187      38.6928
     188      30.1124
     189      21.8530
     190      19.4637
     191      31.4519
     192      41.2181
     193      29.4103
     194      30.4970
     195      37.1262
     196      37.5401
     197      24.5687
     198      32.0946
     199      41.9868
     200      37.2529
