#Frame      Dih_00140
       1     -18.5214
       2     -15.0552
       3       2.5833
       4      -4.2507
       5     -13.2958
       6      -3.0174
       7     -11.2830
       8     -10.2037
       9      -6.8822
      10      -1.7726
      11       4.3017
      12      11.7235
      13      22.7565
      14      20.2407
      15      10.6641
      16       6.4029
      17      10.5361
      18      -5.0935
      19      12.3460
      20      -7.0529
      21      17.7469
      22       3.4495
      23       7.2056
      24      -4.8988
      25      17.4822
      26       8.8057
      27      11.6430
      28      17.4790
      29       2.2460
      30      -7.7275
      31       3.4494
      32       6.2826
      33       7.0163
      34      12.6113
      35       8.1336
      36      11.4658
      37       6.9957
      38       7.1624
      39      17.0406
      40      19.8303
      41      20.0372
      42      15.2283
      43       5.5190
      44      16.2686
      45       8.5763
      46       3.2222
      47      16.8668
      48      10.1700
      49       9.8526
      50      11.6690
      51       1.7933
      52       7.0993
      53       2.8818
      54      -0.5483
      55       1.8900
      56      12.4288
      57       8.0883
      58      15.4550
      59      11.8818
      60      13.6728
      61      18.6365
      62       8.9030
      63      27.9987
      64      12.2285
      65      15.3674
      66      15.9497
      67      23.8186
      68      24.0507
      69      17.8536
      70       4.0265
      71       4.4873
      72      13.4980
      73      12.1953
      74      23.7959
      75      11.9341
      76      14.9241
      77       7.9473
      78       3.1932
      79      12.7992
      80      14.9233
      81      15.7277
      82      22.8219
      83      16.7953
      84      17.7260
      85      18.2011
      86       4.0988
      87       9.3074
      88      13.6410
      89       5.6494
      90      22.5668
      91      14.7028
      92      22.8089
      93      15.6615
      94      20.4701
      95      18.2663
      96      22.2554
      97      17.1766
      98      23.5921
      99      17.8251
     100      20.6925
     101      17.1410
     102      -0.9651
     103      14.3217
     104      24.3640
     105      12.7489
     106      13.9660
     107      11.2044
     108      19.6592
     109      20.9954
     110      13.1877
     111      18.6605
     112      18.6752
     113      20.1595
     114      10.1168
     115       2.1200
     116       8.3676
     117      17.1922
     118      16.4482
     119       7.3686
     120      25.9724
     121       8.6690
     122      18.5101
     123      16.4334
     124      11.5650
     125      12.9482
     126      16.1096
     127      15.4999
     128      23.2043
     129      16.6148
     130      21.2499
     131      18.4106
     132      15.8691
     133       8.9712
     134       7.9380
     135       3.5260
     136       2.8190
     137      13.6040
     138      27.7910
     139      20.6381
     140      20.8890
     141      16.5629
     142      17.3177
     143       4.3937
     144      17.3718
     145      11.3562
     146      19.6599
     147      26.1598
     148      20.0813
     149       6.5926
     150      23.0834
     151      27.1891
     152      31.0230
     153      13.1033
     154      16.7431
     155      29.9722
     156      16.7648
     157      15.6227
     158      14.3865
     159      26.1464
     160      28.1179
     161      19.5240
     162      23.7204
     163      28.4067
     164      12.4784
     165      15.0956
     166      19.0762
     167      30.5708
     168      18.6638
     169      20.6392
     170      34.2218
     171      23.8934
     172      21.4285
     173      22.5167
     174      16.9737
     175      29.9246
     176      22.7863
     177      27.7510
     178      10.7600
     179      13.5749
     180      24.2664
     181      29.1746
     182      36.1984
     183      26.9370
     184      21.9188
     185      25.3922
     186      23.2490
     187      28.7344
     188      15.0086
     189      33.8482
     190      11.4242
     191      23.9148
     192      18.6837
     193      34.8375
     194      24.1847
     195      30.2234
     196      14.8440
     197      18.5989
     198      22.0904
     199      14.9682
     200      19.1719
