#Frame      Dih_00138
       1      18.6611
       2      30.5371
       3      25.8231
       4      20.1751
       5      23.2045
       6      20.7510
       7      29.2260
       8      29.0861
       9      28.4367
      10      32.7057
      11      31.6309
      12      29.9192
      13      30.7712
      14      29.8966
      15      29.3250
      16      25.1463
      17      36.8313
      18      26.1082
      19      30.7724
      20      38.7347
      21      35.0053
      22      32.0272
      23      40.2029
      24      34.2167
      25      35.7239
      26      34.1923
      27      30.2078
      28      30.5747
      29      26.9332
      30      26.4393
      31      36.5014
      32      30.0241
      33      33.2012
      34      38.0464
      35      38.4911
      36      39.7023
      37      39.2967
      38      41.9666
      39      34.9823
      40      34.4187
      41      39.5126
      42      37.9652
      43      24.7525
      44      28.9266
      45      33.3955
      46      34.0127
      47      41.9117
      48      31.1440
      49      40.1558
      50      45.3347
      51      35.1690
      52      35.0737
      53      33.6619
      54      30.1795
      55      29.5368
      56      31.5403
      57      35.9979
      58      30.2215
      59      39.0137
      60      43.0590
      61      31.2256
      62      23.1465
      63      37.2900
      64      36.3522
      65      36.8152
      66      27.6716
      67      34.3886
      68      28.3018
      69      34.5083
      70      32.7621
      71      32.9494
      72      34.5027
      73      30.4504
      74      40.5591
      75      36.5799
      76      30.2144
      77      29.0422
      78      30.0362
      79      36.4159
      80      43.6153
      81      42.6427
      82      41.8779
      83      36.0800
      84      39.7738
      85      35.4671
      86      36.1019
      87      41.4158
      88      41.8654
      89      34.4326
      90      32.5092
      91      18.8560
      92      25.0458
      93      36.2693
      94      30.2426
      95      31.6929
      96      36.6977
      97      22.1584
      98      22.6688
      99      19.5479
     100      23.8800
     101      17.9247
     102       5.6910
     103      16.7933
     104      28.0323
     105      42.4246
     106      34.6458
     107      28.9567
     108      34.9080
     109      42.0047
     110      48.1986
     111      38.2975
     112      21.2076
     113      23.1874
     114      25.0965
     115      16.0550
     116      22.5905
     117      35.3613
     118      41.3415
     119      43.3845
     120      37.7436
     121      32.9392
     122      33.7414
     123      33.0738
     124      46.8262
     125      40.6910
     126      29.2377
     127      41.5625
     128      46.4475
     129      30.2287
     130      46.4616
     131      32.0753
     132      44.6990
     133      40.0845
     134      33.6825
     135      31.9366
     136      31.5726
     137      28.7284
     138      41.1219
     139      39.5197
     140      43.3999
     141      35.8315
     142      44.6090
     143      36.2370
     144      38.3893
     145      38.0210
     146      45.4055
     147      44.9399
     148      42.0913
     149      31.9004
     150      39.8788
     151      34.0404
     152      37.3411
     153      43.8026
     154      42.5457
     155      34.9610
     156      39.6929
     157      42.6628
     158      33.4952
     159      38.9584
     160      41.9661
     161      32.2381
     162      35.5757
     163      39.8685
     164      38.7694
     165      40.6530
     166      34.0984
     167      42.5025
     168      36.4843
     169      36.8111
     170      39.9778
     171      34.6249
     172      28.8590
     173      41.2897
     174      40.7271
     175      49.1617
     176      39.6120
     177      41.3237
     178      31.4890
     179      28.0872
     180      39.4063
     181      37.7913
     182      36.3313
     183      30.8457
     184      32.5865
     185      40.5983
     186      24.3194
     187      39.4674
     188      34.9071
     189      38.3027
     190      42.4553
     191      35.5012
     192      26.1656
     193      36.5330
     194      41.8405
     195      31.8169
     196      26.7498
     197      36.4602
     198      36.0840
     199      23.3642
     200      31.2805
