#Frame      Dih_00137
       1     -27.5819
       2     -40.5534
       3     -26.2644
       4     -22.6729
       5     -31.4623
       6     -24.2485
       7     -37.4849
       8     -34.0250
       9     -30.0904
      10     -33.4700
      11     -31.6729
      12     -24.1257
      13     -17.4125
      14     -21.9013
      15     -22.8909
      16     -21.5122
      17     -31.6593
      18     -29.9888
      19     -22.7447
      20     -42.8450
      21     -25.9937
      22     -31.1057
      23     -35.6143
      24     -38.3239
      25     -28.6969
      26     -30.5657
      27     -23.9711
      28     -21.2222
      29     -26.9427
      30     -29.2058
      31     -35.5088
      32     -27.9075
      33     -29.2073
      34     -32.4391
      35     -35.7331
      36     -34.1639
      37     -37.5996
      38     -40.6184
      39     -26.1135
      40     -22.7845
      41     -27.6266
      42     -31.5102
      43     -21.9890
      44     -20.7613
      45     -29.4967
      46     -32.5377
      47     -32.6883
      48     -25.9956
      49     -35.3457
      50     -40.0287
      51     -35.4633
      52     -33.0183
      53     -32.8816
      54     -32.7637
      55     -28.5298
      56     -24.6571
      57     -33.6399
      58     -23.8187
      59     -35.3862
      60     -36.4165
      61     -21.4638
      62     -18.1255
      63     -21.9633
      64     -30.8867
      65     -27.8293
      66     -19.3728
      67     -22.6787
      68     -15.0813
      69     -23.8491
      70     -32.6584
      71     -32.7268
      72     -26.7562
      73     -25.7501
      74     -29.2109
      75     -29.9892
      76     -22.6567
      77     -26.0012
      78     -27.6538
      79     -30.9633
      80     -36.2055
      81     -32.4272
      82     -31.1475
      83     -28.3401
      84     -30.3997
      85     -24.6691
      86     -36.3161
      87     -36.4546
      88     -33.5683
      89     -32.9548
      90     -20.9131
      91     -11.8823
      92     -13.6547
      93     -27.2436
      94     -18.6186
      95     -21.7239
      96     -24.0100
      97     -13.0112
      98     -10.1913
      99     -10.8125
     100     -12.6994
     101      -8.7719
     102      -6.3913
     103     -10.2732
     104     -15.1251
     105     -38.6532
     106     -28.1298
     107     -25.3854
     108     -26.0145
     109     -33.2818
     110     -42.9610
     111     -30.0006
     112      -9.3423
     113     -14.2977
     114     -19.5786
     115     -15.1929
     116     -17.9320
     117     -27.7815
     118     -34.4437
     119     -39.6503
     120     -24.3051
     121     -29.2767
     122     -22.8051
     123     -25.3463
     124     -39.2885
     125     -35.9871
     126     -19.8852
     127     -35.7790
     128     -34.4158
     129     -20.5611
     130     -36.6964
     131     -21.4911
     132     -37.4420
     133     -37.5384
     134     -26.9436
     135     -31.5081
     136     -31.5983
     137     -21.8328
     138     -26.5443
     139     -30.0591
     140     -32.1137
     141     -28.5498
     142     -36.0546
     143     -34.6215
     144     -29.4940
     145     -31.6234
     146     -37.6413
     147     -30.9631
     148     -32.8692
     149     -28.1232
     150     -27.7541
     151     -20.3814
     152     -19.0332
     153     -38.0324
     154     -35.7821
     155     -18.5183
     156     -30.2062
     157     -34.9001
     158     -25.5031
     159     -26.6514
     160     -27.8060
     161     -21.6304
     162     -23.5627
     163     -24.4683
     164     -32.2267
     165     -34.5631
     166     -25.1908
     167     -25.8153
     168     -29.0363
     169     -25.4722
     170     -20.2780
     171     -23.1432
     172     -17.7324
     173     -26.9234
     174     -32.1797
     175     -32.6527
     176     -29.1161
     177     -26.1673
     178     -25.9887
     179     -21.0761
     180     -25.4129
     181     -21.7869
     182     -17.1652
     183     -18.6163
     184     -21.1342
     185     -25.1853
     186     -13.1848
     187     -24.6934
     188     -28.5261
     189     -19.2660
     190     -38.0180
     191     -23.4214
     192     -16.2512
     193     -17.6664
     194     -30.0052
     195     -16.7891
     196     -19.3307
     197     -27.1799
     198     -25.2752
     199     -15.3749
     200     -20.9372
