#Frame      Dih_00136
       1      28.7388
       2      35.1387
       3      15.0953
       4      17.1658
       5      28.1819
       6      16.6986
       7      30.0269
       8      28.7403
       9      23.6301
      10      22.1479
      11      17.0078
      12       7.9407
      13      -3.0530
      14       0.8200
      15       7.8628
      16       9.1600
      17      13.7210
      18      21.2142
      19       6.2316
      20      31.7524
      21       4.9131
      22      16.7039
      23      18.2565
      24      25.8383
      25       7.7013
      26      13.5709
      27       7.3691
      28       3.2293
      29      15.0922
      30      24.5860
      31      19.8906
      32      14.9659
      33      14.7283
      34      13.1808
      35      16.9085
      36      15.1456
      37      19.7446
      38      21.0762
      39       6.4542
      40       1.2271
      41       5.3120
      42       9.6924
      43      10.7308
      44       2.9189
      45      12.6880
      46      19.3582
      47      10.8285
      48      10.2211
      49      17.6896
      50      17.6661
      51      21.5497
      52      17.2018
      53      19.7157
      54      21.0139
      55      17.8470
      56       8.0059
      57      17.4983
      58       4.4627
      59      15.8112
      60      13.8768
      61       1.9366
      62       6.6463
      63      -2.4875
      64      12.2556
      65       7.6904
      66       1.9205
      67      -0.5143
      68      -4.1414
      69       4.4191
      70      17.4106
      71      17.6469
      72       7.8745
      73       8.6480
      74       4.6959
      75      12.3616
      76       5.0838
      77      11.0483
      78      17.3771
      79      12.2578
      80      14.2807
      81      12.1206
      82       5.0621
      83       7.1837
      84       8.3420
      85       4.6570
      86      20.1924
      87      17.9547
      88      11.9991
      89      16.9346
      90      -1.7232
      91      -1.6638
      92      -6.0851
      93       7.2277
      94      -0.4349
      95       1.8777
      96       1.2519
      97      -2.8266
      98      -7.6427
      99      -3.9526
     100      -4.9917
     101      -4.7074
     102       4.8794
     103      -1.9213
     104      -4.8990
     105      16.5626
     106       9.9781
     107       8.8938
     108       4.2800
     109       7.6540
     110      20.0458
     111       7.8653
     112      -6.2560
     113      -2.9381
     114       6.0146
     115       8.0968
     116       5.6325
     117       6.9115
     118      11.1218
     119      19.9281
     120      -0.4397
     121      12.4612
     122       3.3610
     123       5.2897
     124      18.2496
     125      15.3794
     126       2.1394
     127      12.9482
     128       8.6802
     129       2.4871
     130       9.6219
     131       2.6043
     132      12.0759
     133      17.6743
     134      11.8618
     135      18.1964
     136      17.8748
     137       4.7168
     138      -0.1147
     139       5.3230
     140       8.2066
     141       6.8871
     142      13.5571
     143      19.7382
     144       8.0687
     145      12.2171
     146      11.7816
     147       3.1782
     148       8.6448
     149      13.6224
     150       3.2642
     151      -4.3813
     152      -7.2707
     153      16.3679
     154      11.5737
     155      -7.7493
     156       8.3628
     157      12.3801
     158       7.6860
     159       0.0089
     160      -0.0403
     161       1.5379
     162       0.2860
     163      -2.1685
     164      12.2929
     165      11.3423
     166       4.4210
     167      -3.4411
     168       7.3986
     169       2.9742
     170      -8.3378
     171      -0.2023
     172      -1.5127
     173       3.6065
     174       9.2902
     175       1.1530
     176       3.6982
     177      -1.5982
     178       9.1189
     179       4.9378
     180       0.9136
     181      -3.9354
     182     -12.7374
     183      -4.9212
     184      -0.2775
     185       0.6810
     186      -5.3953
     187      -1.4551
     188       8.2841
     189      -8.9689
     190      15.8541
     191       0.6396
     192      -1.5874
     193      -9.6055
     194       4.2608
     195      -8.8393
     196       2.7834
     197       5.7595
     198       2.6601
     199       0.8341
     200       0.8833
