#Frame      Dih_00139
       1      -2.2222
       2     -10.6262
       3     -19.5134
       4     -10.3371
       5      -6.7789
       6     -11.9981
       7     -12.0312
       8     -13.3902
       9     -13.9901
      10     -18.8786
      11     -24.6564
      12     -24.2129
      13     -32.8355
      14     -33.4048
      15     -23.8304
      16     -18.5799
      17     -30.9558
      18     -13.1232
      19     -26.4063
      20     -19.7295
      21     -33.3924
      22     -22.7528
      23     -30.0934
      24     -19.3967
      25     -34.3710
      26     -28.3333
      27     -26.5471
      28     -31.5200
      29     -18.8248
      30     -11.8179
      31     -24.2633
      32     -23.0089
      33     -25.6790
      34     -31.2791
      35     -27.5838
      36     -32.0369
      37     -31.3043
      38     -32.8333
      39     -32.6599
      40     -32.0601
      41     -38.1188
      42     -33.7661
      43     -19.6979
      44     -27.9105
      45     -27.0386
      46     -24.0858
      47     -36.8754
      48     -25.8781
      49     -32.7279
      50     -38.8713
      51     -24.0730
      52     -26.4801
      53     -23.6070
      54     -19.1615
      55     -20.8272
      56     -26.8023
      57     -29.4405
      58     -28.7077
      59     -31.5666
      60     -34.2710
      61     -29.2115
      62     -20.5976
      63     -41.7205
      64     -31.3623
      65     -32.1018
      66     -25.0419
      67     -36.1941
      68     -31.6533
      69     -32.8120
      70     -24.4706
      71     -24.2657
      72     -29.7057
      73     -27.5101
      74     -42.0370
      75     -29.5484
      76     -27.8403
      77     -23.3874
      78     -21.5348
      79     -31.8012
      80     -38.2168
      81     -36.5074
      82     -37.9545
      83     -32.6238
      84     -36.2196
      85     -34.1549
      86     -26.6305
      87     -32.3906
      88     -33.3519
      89     -25.2860
      90     -36.5488
      91     -20.4220
      92     -27.8845
      93     -32.2227
      94     -33.2908
      95     -31.4245
      96     -35.7972
      97     -24.5505
      98     -27.8945
      99     -22.5472
     100     -28.9797
     101     -21.3507
     102      -3.1643
     103     -19.1880
     104     -32.1356
     105     -36.0397
     106     -30.7269
     107     -26.4279
     108     -34.5953
     109     -41.0425
     110     -40.7142
     111     -37.0250
     112     -24.9917
     113     -27.9885
     114     -22.0966
     115     -10.7563
     116     -20.0866
     117     -31.7146
     118     -35.8171
     119     -33.0411
     120     -40.5433
     121     -26.4016
     122     -32.1520
     123     -32.2100
     124     -38.0966
     125     -34.9472
     126     -28.6802
     127     -37.3606
     128     -44.0640
     129     -29.0510
     130     -43.6714
     131     -31.1779
     132     -37.2172
     133     -29.8140
     134     -26.2320
     135     -22.4707
     136     -21.8480
     137     -26.2281
     138     -42.7149
     139     -38.5855
     140     -40.1500
     141     -32.1476
     142     -40.4390
     143     -26.6491
     144     -35.8898
     145     -29.1141
     146     -42.9867
     147     -46.3848
     148     -40.0162
     149     -23.9575
     150     -39.1454
     151     -38.7226
     152     -40.5901
     153     -38.1882
     154     -38.3091
     155     -39.1931
     156     -33.4893
     157     -36.4503
     158     -31.3160
     159     -39.7851
     160     -44.0512
     161     -32.2906
     162     -37.8686
     163     -42.9934
     164     -31.2214
     165     -35.1898
     166     -34.0975
     167     -46.9305
     168     -35.7009
     169     -36.5639
     170     -45.2972
     171     -36.7034
     172     -33.2447
     173     -40.9724
     174     -35.8603
     175     -48.2164
     176     -40.4008
     177     -43.4750
     178     -27.2719
     179     -26.6057
     180     -40.8812
     181     -41.3673
     182     -42.6534
     183     -36.7443
     184     -34.5634
     185     -40.3056
     186     -29.5048
     187     -42.5648
     188     -32.2169
     189     -45.1897
     190     -35.5850
     191     -37.3523
     192     -28.2139
     193     -42.2902
     194     -40.7141
     195     -37.2290
     196     -25.9646
     197     -35.9273
     198     -39.1911
     199     -22.4664
     200     -31.3776
