#Frame      Dih_00141
       1       5.8143
       2       3.2481
       3      -9.0868
       4       8.2173
       5       1.0593
       6      18.0884
       7      12.4340
       8      20.1711
       9       2.5776
      10     -10.4910
      11       4.6830
      12      22.2839
      13      21.2692
      14      17.0549
      15      15.4661
      16      14.2988
      17      21.8819
      18      -5.8911
      19      14.1528
      20       9.6932
      21      14.3529
      22      17.9860
      23      36.8327
      24      29.5580
      25      12.6239
      26      -6.5142
      27      16.6569
      28      27.3463
      29      21.4484
      30       6.0642
      31      -9.7080
      32      11.5926
      33      25.7644
      34      23.4518
      35       9.7287
      36      18.3829
      37      20.5280
      38      15.7928
      39      19.5525
      40      23.1828
      41       5.7158
      42       7.6038
      43      10.3798
      44      18.1606
      45       6.9838
      46       4.5576
      47       3.7465
      48       5.6075
      49      20.3767
      50      19.4281
      51      19.3903
      52      26.1264
      53      16.3347
      54      17.1038
      55      14.0030
      56      -2.9022
      57     -10.2679
      58     -13.3683
      59      -2.5298
      60      -1.8818
      61       5.0768
      62      13.3327
      63      26.9603
      64      17.0995
      65       5.3051
      66       8.2809
      67      22.7001
      68       7.9439
      69      -1.8142
      70       9.7433
      71      11.2022
      72       4.1253
      73      14.6136
      74      18.1905
      75      -6.4760
      76       7.1121
      77      20.8210
      78      23.5169
      79       2.8293
      80       5.2800
      81       4.5097
      82       4.9997
      83      16.4129
      84      16.6536
      85      20.4197
      86      10.6479
      87      19.4719
      88      13.2484
      89      28.0875
      90      24.7294
      91      11.3076
      92      16.1742
      93      24.3056
      94      14.2401
      95       2.6868
      96      11.1891
      97      13.8674
      98      19.4237
      99      21.4019
     100      17.9938
     101      15.1721
     102      16.0637
     103      19.6933
     104       4.2008
     105      21.8608
     106      21.6570
     107      15.0755
     108      20.4281
     109      28.3385
     110      22.9767
     111      14.5599
     112      12.4321
     113       7.0662
     114       9.6316
     115       6.2965
     116      10.9055
     117       5.0588
     118      20.4625
     119      18.6461
     120      -2.5699
     121     -13.9825
     122       0.5216
     123       6.4456
     124       0.7032
     125       5.9475
     126       9.1030
     127      17.5112
     128      25.3812
     129      17.1634
     130      12.4450
     131      10.5925
     132      15.5793
     133      13.4156
     134      17.5844
     135      21.1144
     136      20.6863
     137       9.5581
     138       1.5501
     139      -3.9461
     140       1.4823
     141      10.0524
     142       1.3690
     143      -7.5677
     144     -11.7761
     145      -5.4245
     146      -8.3954
     147       1.8165
     148       4.3363
     149      12.2944
     150       6.7713
     151      10.5631
     152       4.8553
     153      10.6858
     154      -2.8515
     155       0.0203
     156      -0.5312
     157      11.7743
     158      12.3168
     159      12.1199
     160      -2.4223
     161       3.0825
     162      -0.5306
     163       4.9644
     164       8.6627
     165      10.3677
     166       3.7121
     167      -3.4323
     168      10.3057
     169      17.7487
     170       5.6067
     171      20.2762
     172       6.3464
     173       0.9934
     174       6.4318
     175       7.1006
     176       0.8014
     177      -7.0910
     178      12.4486
     179      10.3254
     180       1.0425
     181       8.8286
     182       6.9478
     183      -7.6373
     184       1.4302
     185      -8.8839
     186     -10.5965
     187      -0.6269
     188      13.5045
     189      26.5024
     190      32.7762
     191      16.4778
     192      11.7787
     193       4.4274
     194       0.2329
     195       0.2151
     196      -3.9788
     197      -7.0703
     198      -2.7127
     199     -12.0703
     200     -10.2097
