#Frame      Dih_00145
       1      19.0410
       2      17.9543
       3      34.0028
       4      18.8316
       5      21.0417
       6      10.4699
       7      16.8380
       8       0.7347
       9      26.5211
      10      37.3660
      11      21.0661
      12       1.8261
      13       3.1067
      14       8.2019
      15       3.8502
      16      10.4750
      17      -0.8045
      18      25.9549
      19      12.7897
      20      12.4927
      21       7.6018
      22      11.3482
      23     -10.6563
      24      -7.9382
      25       6.7508
      26      32.1023
      27      13.2721
      28       0.2339
      29       0.4198
      30      28.5749
      31      35.5760
      32      10.7812
      33       3.7140
      34       5.0243
      35      15.9479
      36       8.9783
      37       7.8742
      38       9.4889
      39       6.6293
      40       5.8311
      41      19.4455
      42      15.6335
      43      11.7047
      44      11.9951
      45      16.4467
      46      21.4011
      47      26.1107
      48      24.0204
      49       7.6088
      50       6.9196
      51       4.9921
      52       1.5422
      53      15.4754
      54       9.1130
      55      15.5786
      56      24.7212
      57      32.1281
      58      36.6147
      59      26.6138
      60      22.2868
      61      22.7702
      62      15.5687
      63       0.3104
      64       7.8938
      65      19.0620
      66      20.0319
      67       7.1977
      68      19.5293
      69      24.3570
      70      15.7880
      71      16.5622
      72      16.2890
      73       7.8283
      74      10.0134
      75      31.4906
      76      19.3515
      77       4.1849
      78       7.1725
      79      24.0402
      80      23.8549
      81      22.4489
      82      23.0993
      83       8.3911
      84      14.4844
      85       6.4604
      86      17.3011
      87       7.4175
      88      12.1236
      89       0.8784
      90       1.6257
      91      16.1963
      92       4.0146
      93       4.8303
      94      16.2821
      95      24.0592
      96      17.5673
      97       7.9135
      98       7.7539
      99      10.0600
     100      11.5404
     101       8.5147
     102      11.9383
     103       8.0008
     104      22.0503
     105       9.0716
     106       1.5717
     107      12.4459
     108       4.2504
     109      -2.9550
     110       1.9084
     111       8.0871
     112      12.9608
     113      19.2178
     114      18.8031
     115      16.8598
     116      13.0975
     117      23.6745
     118       6.6068
     119       4.5354
     120      23.8130
     121      36.9285
     122      27.0246
     123      19.1236
     124      23.2301
     125      11.2735
     126      13.2015
     127      11.7590
     128       3.8727
     129       7.4639
     130      16.0245
     131      15.0109
     132       7.0908
     133      13.6933
     134       7.2298
     135       3.3291
     136       7.6378
     137      17.1876
     138      26.6620
     139      30.2566
     140      29.3744
     141      15.9087
     142      21.8189
     143      34.2721
     144      37.5325
     145      32.8976
     146      31.0414
     147      23.5481
     148      26.4858
     149      11.6533
     150      21.0160
     151      14.1543
     152      19.8041
     153      19.1739
     154      28.0230
     155      25.2060
     156      29.0869
     157      17.0204
     158      10.1779
     159      13.0382
     160      27.8863
     161      24.5455
     162      25.4139
     163      20.8610
     164      14.1715
     165      21.4811
     166      21.1808
     167      31.3653
     168      14.6356
     169       9.0180
     170      18.7394
     171       3.8396
     172      15.6623
     173      24.9595
     174      26.0361
     175      18.5737
     176      23.8891
     177      32.0827
     178      16.5608
     179      12.2676
     180      25.0131
     181      12.9648
     182      23.0614
     183      29.8032
     184      25.5032
     185      26.1899
     186      34.1289
     187      27.7392
     188      11.4365
     189       2.4312
     190      -9.6361
     191      13.2111
     192      13.1178
     193      15.9416
     194      22.3908
     195      24.5315
     196      23.9195
     197      27.3897
     198      28.5629
     199      38.5766
     200      32.0039
