#Frame      Dih_00143
       1      34.0027
       2      32.4734
       3      35.4478
       4      39.4913
       5      34.6228
       6      44.0714
       7      42.6949
       8      31.4918
       9      44.0064
      10      41.1436
      11      37.7284
      12      35.8420
      13      37.7975
      14      39.5246
      15      30.3106
      16      35.3296
      17      30.9490
      18      35.0476
      19      38.3451
      20      33.9328
      21      32.3321
      22      46.6148
      23      39.1773
      24      29.4886
      25      27.1313
      26      39.7660
      27      46.1896
      28      39.8373
      29      31.0373
      30      51.8551
      31      38.4392
      32      32.7202
      33      42.3431
      34      45.1766
      35      38.3198
      36      38.2325
      37      43.0111
      38      38.9230
      39      38.5440
      40      39.7575
      41      37.3978
      42      33.8317
      43      33.5365
      44      43.6084
      45      33.7086
      46      42.3464
      47      43.3374
      48      46.5364
      49      41.5327
      50      37.8777
      51      38.2349
      52      46.0085
      53      46.4786
      54      38.7467
      55      43.6048
      56      35.0788
      57      32.6945
      58      36.9128
      59      32.5829
      60      31.5468
      61      42.8012
      62      43.4311
      63      39.3348
      64      40.6792
      65      37.6985
      66      44.9858
      67      42.9860
      68      43.7196
      69      34.0864
      70      39.8626
      71      42.9236
      72      32.2262
      73      34.7304
      74      40.7334
      75      34.9915
      76      38.4824
      77      35.9045
      78      44.5946
      79      41.9406
      80      40.2693
      81      37.9533
      82      41.6831
      83      36.0827
      84      47.1623
      85      37.9490
      86      39.0557
      87      41.0960
      88      38.0056
      89      41.2172
      90      39.0677
      91      40.9203
      92      30.5699
      93      45.5147
      94      44.7674
      95      42.9641
      96      41.9664
      97      35.3479
      98      40.8804
      99      49.6520
     100      44.7620
     101      38.5507
     102      41.6790
     103      41.6132
     104      38.1109
     105      46.7593
     106      36.9956
     107      41.9481
     108      34.3529
     109      36.1124
     110      37.4015
     111      36.6042
     112      36.9447
     113      38.4010
     114      41.2634
     115      34.4456
     116      37.9395
     117      39.4321
     118      39.0865
     119      34.2609
     120      31.3047
     121      34.7582
     122      40.3532
     123      38.1341
     124      37.7637
     125      26.4561
     126      31.9941
     127      43.4421
     128      43.9413
     129      39.2749
     130      38.4472
     131      37.9930
     132      34.3329
     133      40.8316
     134      36.0684
     135      36.1113
     136      42.5072
     137      40.3267
     138      40.2992
     139      41.6945
     140      45.6725
     141      39.8329
     142      35.5299
     143      39.6476
     144      37.9346
     145      42.0678
     146      33.9204
     147      37.6541
     148      47.2030
     149      35.6215
     150      40.3842
     151      36.0704
     152      39.4514
     153      45.6350
     154      35.6589
     155      36.8722
     156      44.1024
     157      42.6766
     158      36.3011
     159      35.9512
     160      37.5598
     161      39.3969
     162      39.0746
     163      42.4978
     164      33.9747
     165      44.7333
     166      37.8544
     167      41.7079
     168      35.7747
     169      40.3844
     170      35.4722
     171      35.6003
     172      32.1820
     173      40.0535
     174      46.1868
     175      37.5438
     176      38.2747
     177      37.3691
     178      43.5161
     179      32.4776
     180      38.8995
     181      32.3117
     182      42.5880
     183      33.7551
     184      40.7248
     185      27.7285
     186      34.4791
     187      41.9005
     188      37.9464
     189      44.5747
     190      36.4462
     191      45.3593
     192      37.2176
     193      31.5623
     194      33.2038
     195      37.5004
     196      30.8805
     197      29.2735
     198      38.4481
     199      34.4178
     200      32.7517
