#Frame      Dih_00144
       1     -35.2724
       2     -31.4029
       3     -42.9652
       4     -36.9034
       5     -33.0094
       6     -33.2922
       7     -38.5398
       8     -21.3823
       9     -43.7551
      10     -46.5001
      11     -35.2439
      12     -24.3685
      13     -25.4946
      14     -29.9185
      15     -22.4337
      16     -30.0265
      17     -19.5484
      18     -37.7171
      19     -32.5812
      20     -28.8235
      21     -25.3749
      22     -36.2449
      23     -20.1442
      24     -15.5895
      25     -24.3517
      26     -41.8424
      27     -37.0691
      28     -26.9808
      29     -20.9013
      30     -51.1937
      31     -45.6014
      32     -29.6306
      33     -31.3137
      34     -31.0398
      35     -34.8300
      36     -32.5119
      37     -33.5615
      38     -30.0516
      39     -28.4772
      40     -30.6181
      41     -36.3638
      42     -32.0197
      43     -29.0828
      44     -35.5855
      45     -32.8596
      46     -39.1056
      47     -42.4385
      48     -43.3760
      49     -31.4400
      50     -28.7311
      51     -26.3784
      52     -30.9121
      53     -39.1768
      54     -30.0393
      55     -37.0498
      56     -36.6327
      57     -39.6688
      58     -45.6447
      59     -37.6936
      60     -32.3363
      61     -42.0511
      62     -37.3142
      63     -25.4408
      64     -29.8577
      65     -34.7139
      66     -40.3842
      67     -32.8174
      68     -38.6734
      69     -36.2823
      70     -35.9888
      71     -37.5922
      72     -29.5339
      73     -26.6485
      74     -32.5621
      75     -40.4538
      76     -36.7315
      77     -27.3884
      78     -34.9562
      79     -39.8184
      80     -40.8511
      81     -39.0551
      82     -40.1194
      83     -28.4767
      84     -37.8935
      85     -28.9280
      86     -37.3072
      87     -31.1587
      88     -32.6476
      89     -27.3085
      90     -25.6013
      91     -35.5808
      92     -22.2587
      93     -33.9075
      94     -39.4726
      95     -39.8760
      96     -36.8702
      97     -27.3813
      98     -30.7708
      99     -38.3346
     100     -33.6137
     101     -29.2317
     102     -35.1719
     103     -33.7296
     104     -38.2744
     105     -35.7715
     106     -25.3185
     107     -35.0118
     108     -25.9691
     109     -22.5178
     110     -24.0044
     111     -27.4115
     112     -31.5635
     113     -36.3258
     114     -39.4303
     115     -32.0737
     116     -32.6944
     117     -40.3695
     118     -29.7527
     119     -25.3851
     120     -33.2439
     121     -44.7412
     122     -42.1335
     123     -36.7576
     124     -38.7712
     125     -22.7269
     126     -29.1096
     127     -36.7307
     128     -31.4080
     129     -29.7585
     130     -36.1673
     131     -33.8857
     132     -25.8713
     133     -34.7541
     134     -27.5776
     135     -24.8135
     136     -33.2669
     137     -36.4577
     138     -44.3864
     139     -44.9558
     140     -46.2318
     141     -33.3498
     142     -35.3304
     143     -43.3126
     144     -45.8551
     145     -46.3264
     146     -40.8220
     147     -38.1592
     148     -47.2465
     149     -29.5865
     150     -37.3244
     151     -32.8638
     152     -35.8892
     153     -40.9537
     154     -41.7780
     155     -40.4067
     156     -44.6481
     157     -39.5456
     158     -28.5654
     159     -32.0053
     160     -39.6314
     161     -42.1124
     162     -42.4579
     163     -38.9238
     164     -31.7310
     165     -43.5578
     166     -36.8782
     167     -46.2411
     168     -32.5718
     169     -32.5842
     170     -34.0924
     171     -25.3947
     172     -30.1623
     173     -39.5368
     174     -45.7669
     175     -35.3073
     176     -38.1918
     177     -44.0092
     178     -37.6271
     179     -29.1232
     180     -38.3892
     181     -28.5116
     182     -42.6833
     183     -40.3713
     184     -40.4765
     185     -32.2308
     186     -43.3638
     187     -43.9541
     188     -30.9449
     189     -30.2689
     190     -16.6313
     191     -37.6771
     192     -31.1753
     193     -29.8244
     194     -35.2928
     195     -38.7517
     196     -33.1208
     197     -35.6688
     198     -39.5139
     199     -44.6085
     200     -39.0684
