#Frame      Dih_00142
       1     -27.3145
       2     -22.8498
       3     -19.3734
       4     -31.7705
       5     -24.5640
       6     -40.8665
       7     -35.1734
       8     -34.4813
       9     -30.3645
      10     -20.5627
      11     -28.4101
      12     -37.7985
      13     -38.1017
      14     -35.8136
      15     -27.6431
      16     -32.2095
      17     -32.4991
      18     -17.6573
      19     -33.6254
      20     -27.9535
      21     -31.2697
      22     -40.3716
      23     -46.5774
      24     -37.5500
      25     -26.2023
      26     -20.9737
      27     -40.9142
      28     -42.9715
      29     -33.8708
      30     -38.1004
      31     -19.3516
      32     -28.3068
      33     -41.5028
      34     -43.8529
      35     -30.3565
      36     -37.9180
      37     -41.3237
      38     -32.7595
      39     -35.9631
      40     -41.2867
      41     -27.7771
      42     -26.3401
      43     -27.5169
      44     -40.0074
      45     -26.5821
      46     -29.4513
      47     -30.7154
      48     -32.7216
      49     -39.3123
      50     -37.5073
      51     -36.4285
      52     -44.5659
      53     -40.9302
      54     -36.3443
      55     -38.4264
      56     -20.2359
      57     -15.7462
      58     -16.3176
      59     -20.0718
      60     -19.7153
      61     -30.0257
      62     -36.7462
      63     -39.9362
      64     -35.9239
      65     -27.5405
      66     -33.5344
      67     -43.1851
      68     -31.5289
      69     -20.9210
      70     -31.1891
      71     -34.1320
      72     -23.8342
      73     -30.4502
      74     -36.8421
      75     -20.1159
      76     -29.4705
      77     -34.5837
      78     -43.9862
      79     -28.9333
      80     -30.2123
      81     -29.3416
      82     -30.3973
      83     -33.3837
      84     -40.6346
      85     -37.5966
      86     -32.5354
      87     -37.9406
      88     -32.5173
      89     -44.3848
      90     -40.4665
      91     -33.9499
      92     -29.5135
      93     -43.1172
      94     -37.7252
      95     -29.3349
      96     -35.2629
      97     -31.0880
      98     -38.8048
      99     -44.4806
     100     -39.3926
     101     -34.5103
     102     -36.3960
     103     -38.8088
     104     -27.5302
     105     -41.7873
     106     -36.8281
     107     -36.0695
     108     -35.0373
     109     -40.2626
     110     -36.7563
     111     -32.3941
     112     -32.0185
     113     -30.4719
     114     -33.9074
     115     -26.9499
     116     -29.3919
     117     -29.7624
     118     -38.5880
     119     -34.1507
     120     -19.9764
     121     -14.7259
     122     -27.3133
     123     -29.1342
     124     -24.9521
     125     -22.0773
     126     -27.2087
     127     -39.8273
     128     -42.0327
     129     -34.9593
     130     -33.7957
     131     -31.6873
     132     -32.2430
     133     -34.0180
     134     -35.4422
     135     -35.7820
     136     -39.1249
     137     -32.4256
     138     -27.9536
     139     -23.4252
     140     -32.7736
     141     -30.8398
     142     -24.1801
     143     -21.9862
     144     -18.4631
     145     -24.0352
     146     -17.4569
     147     -25.6109
     148     -33.8847
     149     -31.2197
     150     -32.1977
     151     -29.8042
     152     -27.1042
     153     -37.0104
     154     -22.2293
     155     -25.4966
     156     -26.7766
     157     -36.6724
     158     -30.1225
     159     -32.0194
     160     -23.7531
     161     -28.5859
     162     -24.7666
     163     -30.4747
     164     -27.5299
     165     -38.1432
     166     -26.9610
     167     -24.5852
     168     -31.4396
     169     -35.8901
     170     -27.0295
     171     -35.6505
     172     -25.6980
     173     -27.2274
     174     -35.2756
     175     -29.3292
     176     -27.1301
     177     -20.3402
     178     -36.1081
     179     -27.4348
     180     -27.1019
     181     -27.0842
     182     -33.4496
     183     -17.4616
     184     -26.0287
     185     -12.0116
     186     -16.7494
     187     -26.3495
     188     -31.6281
     189     -45.8518
     190     -42.3967
     191     -40.4808
     192     -31.8795
     193     -23.5072
     194     -20.7333
     195     -24.6242
     196     -17.8685
     197     -16.3357
     198     -24.4049
     199     -16.7740
     200     -15.6948
