#Frame      Dih_00006
       1      -9.4080
       2      -5.9390
       3     -14.6777
       4     -29.3574
       5     -30.8625
       6     -13.4848
       7      -5.8822
       8       3.2803
       9     -24.1041
      10     -18.3301
      11      -6.1064
      12      -8.1345
      13     -18.4312
      14     -16.1148
      15     -24.0387
      16     -24.9682
      17     -19.3098
      18     -30.8330
      19     -37.3974
      20     -46.1521
      21     -21.9217
      22     -42.2606
      23     -28.6368
      24     -21.5615
      25     -18.5582
      26     -28.8286
      27     -33.7291
      28     -36.2864
      29     -18.3715
      30     -25.5509
      31     -22.1257
      32     -32.3246
      33     -40.3351
      34     -35.5216
      35     -34.5773
      36     -34.7398
      37     -42.2174
      38     -31.6530
      39     -12.3060
      40     -27.8601
      41     -22.7251
      42      -9.4960
      43     -38.2202
      44     -43.0870
      45     -35.5521
      46     -41.3232
      47     -35.5416
      48     -22.2980
      49     -34.3224
      50     -33.0511
      51     -34.2541
      52     -37.4135
      53     -29.2073
      54     -44.1164
      55     -29.2565
      56     -36.9972
      57     -40.1146
      58     -36.1204
      59     -39.5560
      60     -42.4205
      61     -36.4532
      62     -34.4727
      63     -35.9515
      64     -34.7151
      65     -32.3658
      66     -27.1908
      67     -41.2119
      68     -41.6074
      69     -44.7705
      70     -32.1660
      71     -25.1573
      72     -36.7096
      73     -39.1661
      74     -33.3765
      75     -29.9040
      76     -32.5311
      77     -35.7908
      78     -37.6173
      79     -31.3981
      80     -37.2947
      81     -39.2425
      82     -35.1317
      83     -23.3607
      84     -48.2954
      85     -34.2060
      86     -39.6054
      87     -41.4941
      88     -43.3869
      89     -35.2708
      90     -27.2172
      91     -37.5608
      92     -23.7809
      93     -33.1940
      94     -43.3953
      95     -38.5262
      96     -38.2196
      97     -41.4653
      98     -23.0431
      99     -35.9990
     100     -46.3701
     101     -38.4664
     102     -31.2588
     103     -37.0726
     104     -40.5331
     105     -41.8045
     106     -41.0222
     107     -35.8804
     108     -30.8736
     109     -46.0261
     110     -35.7601
     111     -31.9904
     112     -44.6913
     113     -28.7168
     114     -36.9123
     115     -36.2140
     116     -18.4097
     117     -29.9523
     118     -43.8765
     119     -30.8528
     120     -30.8713
     121     -39.8478
     122     -28.1974
     123     -46.0234
     124     -32.9775
     125     -39.9819
     126     -36.7388
     127     -32.9880
     128     -32.4869
     129     -36.0520
     130     -44.7566
     131     -48.0692
     132     -22.2772
     133     -45.5923
     134     -31.4313
     135     -24.1249
     136     -48.6593
     137     -37.7214
     138     -20.7629
     139     -33.9117
     140     -32.1773
     141     -28.0708
     142     -31.6433
     143     -35.0866
     144     -22.6841
     145     -22.3356
     146     -41.3079
     147     -32.0904
     148     -28.1891
     149     -34.4576
     150     -24.2759
     151     -22.7843
     152     -37.6360
     153     -40.1775
     154     -43.2263
     155     -38.0580
     156     -44.5522
     157     -31.6518
     158     -23.0359
     159     -27.2691
     160     -38.7558
     161     -44.3854
     162     -36.6903
     163     -30.8639
     164     -35.1640
     165     -46.9701
     166     -36.5442
     167     -27.7524
     168     -15.6671
     169     -17.1613
     170      -8.3373
     171      -7.1215
     172     -24.2667
     173     -12.7763
     174      -0.7768
     175      -8.2299
     176      -4.7812
     177     -15.9050
     178     -23.1329
     179     -11.2103
     180     -26.3166
     181     -30.4537
     182     -26.4885
     183     -30.2602
     184     -23.5679
     185     -20.1230
     186     -18.6201
     187     -16.7569
     188     -21.9866
     189     -29.3526
     190     -21.4265
     191      -5.1232
     192     -21.4373
     193      -9.9835
     194     -11.1187
     195     -15.6475
     196     -18.4232
     197     -19.5882
     198     -16.6502
     199     -29.8573
     200     -21.2086
