#Frame      Dih_00007
       1      19.1282
       2      23.4914
       3      30.3638
       4      33.6867
       5      48.7468
       6      22.2391
       7      12.9002
       8      18.3131
       9      40.4275
      10      37.2166
      11      22.3877
      12      28.1238
      13      33.3343
      14      33.0178
      15      40.7166
      16      46.3761
      17      31.7966
      18      25.9314
      19      25.2595
      20      41.2395
      21      34.8735
      22      44.3861
      23      36.1748
      24      32.3321
      25      17.8689
      26      12.0760
      27      26.5922
      28      30.2029
      29      13.3641
      30      15.2252
      31       9.6277
      32      11.7632
      33      31.9454
      34      18.1051
      35      25.2468
      36      29.3871
      37      36.8921
      38      31.1057
      39      15.8969
      40      27.4468
      41      31.2987
      42      33.3529
      43      42.8207
      44      37.2973
      45      21.0454
      46      23.8620
      47      25.4976
      48      20.4469
      49      30.4309
      50      27.1566
      51      21.2491
      52      13.2707
      53       9.8834
      54      27.6955
      55      26.3288
      56      26.6616
      57      30.5812
      58      25.4178
      59      26.5774
      60      34.2199
      61      32.0280
      62      19.2489
      63      20.4066
      64      32.0573
      65      21.7273
      66       9.5955
      67      34.4083
      68      35.1701
      69      35.4630
      70      25.9869
      71      10.5690
      72      23.2430
      73      32.1081
      74      27.3633
      75      15.2262
      76      20.0192
      77      25.6742
      78      18.9745
      79      13.9711
      80      25.3118
      81      36.7540
      82      35.5384
      83      26.4983
      84      45.1285
      85      21.2145
      86      28.8999
      87      40.7963
      88      40.1963
      89      26.0487
      90      17.7352
      91      30.4428
      92      17.5366
      93      26.2825
      94      34.5262
      95      32.5496
      96      34.7396
      97      22.7582
      98       8.7062
      99      20.7736
     100      32.9889
     101      31.4203
     102      33.2986
     103      34.9210
     104      34.1418
     105      31.1726
     106      25.8732
     107      18.6112
     108      10.4603
     109      27.5291
     110      27.2111
     111      13.0921
     112      26.7115
     113      11.8615
     114      12.5112
     115      25.0166
     116      17.9592
     117      32.5990
     118      49.1182
     119      35.9126
     120      31.8178
     121      31.0680
     122      10.5473
     123      28.5302
     124      32.0895
     125      36.6074
     126      44.9934
     127      42.6506
     128      37.8044
     129      44.5563
     130      51.7728
     131      45.7597
     132      39.8756
     133      43.3152
     134      38.4692
     135      40.6498
     136      42.7507
     137      49.4228
     138      33.6494
     139      35.2336
     140      39.4061
     141      39.2783
     142      36.3673
     143      27.6919
     144      33.2488
     145      32.3778
     146      47.4378
     147      43.2289
     148      31.3261
     149      43.5389
     150      33.7474
     151      29.6235
     152      37.5863
     153      42.2550
     154      34.0866
     155      36.2729
     156      39.9097
     157      42.0127
     158      31.8123
     159      41.5800
     160      44.2880
     161      50.3763
     162      44.4151
     163      39.9171
     164      42.8289
     165      53.4725
     166      40.1786
     167      28.8743
     168      28.7709
     169      25.4676
     170      20.0265
     171      21.5748
     172      32.0218
     173      31.8861
     174      14.1393
     175      23.1269
     176      18.1346
     177      28.4884
     178      36.6160
     179      24.7280
     180      38.9195
     181      33.2844
     182      34.0689
     183      34.5710
     184      34.1482
     185      29.2728
     186      35.3976
     187      23.2948
     188      36.7295
     189      47.8051
     190      34.2848
     191      15.4987
     192      37.0224
     193      17.9403
     194      20.5232
     195      25.6605
     196      12.5355
     197      29.9773
     198      28.4278
     199      38.9111
     200      27.8203
