#Frame      Dih_00008
       1     -21.4296
       2     -30.3853
       3     -35.0289
       4     -24.4855
       5     -41.9260
       6     -22.6839
       7     -13.3365
       8     -31.7434
       9     -38.1205
      10     -39.3908
      11     -27.8135
      12     -38.3598
      13     -33.4745
      14     -34.2775
      15     -41.7444
      16     -44.5975
      17     -30.6875
      18     -12.0165
      19      -6.3645
      20     -27.7750
      21     -30.5654
      22     -30.6131
      23     -29.8307
      24     -30.7765
      25      -9.7726
      26       7.0923
      27     -10.7300
      28     -16.0276
      29      -3.3917
      30       0.2164
      31       4.9240
      32      11.5929
      33     -12.3907
      34       3.4444
      35      -6.3717
      36     -11.6400
      37     -20.1457
      38     -19.3362
      39     -12.4232
      40     -17.1291
      41     -28.6175
      42     -40.2523
      43     -31.3259
      44     -19.2096
      45      -2.7115
      46      -1.6416
      47      -5.5484
      48     -11.3477
      49     -15.8000
      50     -12.6818
      51       0.5499
      52      11.7973
      53      11.5386
      54      -6.3343
      55     -11.3761
      56      -9.2989
      57     -10.3374
      58      -6.8994
      59      -7.3199
      60     -14.2146
      61     -14.3703
      62       2.2272
      63       2.0666
      64     -17.2981
      65      -4.6397
      66      10.1045
      67     -16.9736
      68     -16.0392
      69     -16.2911
      70     -10.2305
      71       6.4349
      72      -1.6368
      73     -14.3225
      74     -10.0125
      75       3.5171
      76      -0.2371
      77      -6.3921
      78       6.6186
      79       5.7170
      80      -2.1062
      81     -19.4590
      82     -22.0873
      83     -19.4700
      84     -28.2789
      85      -1.7701
      86     -10.0756
      87     -23.1152
      88     -21.7060
      89      -9.0722
      90      -2.4802
      91     -11.7953
      92      -5.5988
      93     -11.1904
      94     -11.1258
      95     -14.7527
      96     -16.8174
      97       0.5224
      98       6.7552
      99      -0.7723
     100      -9.2411
     101     -10.2302
     102     -22.5905
     103     -17.2674
     104     -15.4136
     105      -8.7220
     106      -2.8359
     107       4.5105
     108      12.4297
     109      -1.5169
     110      -6.0582
     111       9.0398
     112       0.4144
     113       7.8479
     114      12.4028
     115      -4.7745
     116     -10.8604
     117     -22.4536
     118     -31.3143
     119     -27.3907
     120     -21.4801
     121     -11.8148
     122       8.8587
     123      -4.1965
     124     -17.6249
     125     -20.9086
     126     -33.6351
     127     -33.5901
     128     -27.6281
     129     -34.0635
     130     -37.4929
     131     -24.4097
     132     -41.0993
     133     -26.5914
     134     -26.8343
     135     -37.7057
     136     -22.7659
     137     -39.0396
     138     -29.9900
     139     -24.4037
     140     -32.1202
     141     -30.7724
     142     -27.1941
     143     -11.7031
     144     -29.9879
     145     -29.6213
     146     -34.8018
     147     -36.4588
     148     -24.1665
     149     -32.9048
     150     -27.5055
     151     -26.0181
     152     -27.1133
     153     -26.5284
     154     -13.9051
     155     -20.0217
     156     -19.0023
     157     -36.8044
     158     -27.3079
     159     -38.8070
     160     -32.1819
     161     -39.1748
     162     -33.7701
     163     -32.8541
     164     -30.8167
     165     -39.5228
     166     -29.0722
     167     -19.7811
     168     -30.1044
     169     -23.0476
     170     -23.9854
     171     -25.5953
     172     -27.9074
     173     -37.8819
     174     -20.3418
     175     -28.9701
     176     -22.8211
     177     -30.2025
     178     -34.3196
     179     -25.9614
     180     -36.3140
     181     -22.8624
     182     -26.6850
     183     -24.1566
     184     -28.5738
     185     -26.8859
     186     -41.2290
     187     -21.0506
     188     -34.4234
     189     -41.1689
     190     -29.8248
     191     -19.4658
     192     -37.8147
     193     -17.6674
     194     -20.8462
     195     -26.9676
     196      -3.0069
     197     -27.0147
     198     -28.8524
     199     -36.9371
     200     -23.6348
