#Frame      Dih_00009
       1      15.9726
       2      28.0081
       3      25.7336
       4       7.9283
       5      26.0692
       6      15.9289
       7       9.8800
       8      36.0625
       9      26.6819
      10      32.7903
      11      25.7390
      12      34.4215
      13      25.2088
      14      26.5114
      15      30.7398
      16      31.3173
      17      22.9231
      18      -6.1814
      19     -14.5592
      20       1.7948
      21      20.0737
      22       5.5751
      23      15.5907
      24      18.0917
      25      -0.0684
      26     -23.5681
      27      -7.7832
      28      -3.9724
      29      -7.3805
      30     -15.6763
      31     -17.1909
      32     -31.8147
      33     -10.5844
      34     -23.2928
      35     -15.4285
      36      -7.8247
      37      -4.7735
      38       1.9728
      39       5.9415
      40       2.1152
      41      17.1874
      42      35.4654
      43      10.7656
      44      -3.9500
      45     -17.6296
      46     -19.9894
      47     -14.9306
      48      -1.2410
      49      -1.9370
      50      -5.5439
      51     -22.8992
      52     -33.1774
      53     -28.0516
      54     -18.2927
      55      -7.5538
      56     -10.7715
      57     -11.4340
      58     -15.1489
      59     -15.2626
      60     -10.1767
      61      -7.2004
      62     -21.8881
      63     -23.6679
      64      -2.3075
      65     -14.1466
      66     -27.8295
      67      -5.5876
      68      -8.2252
      69      -9.7752
      70      -8.3072
      71     -21.1032
      72     -21.7117
      73      -8.4298
      74      -9.6115
      75     -22.9170
      76     -19.3021
      77     -14.2950
      78     -30.5940
      79     -23.3633
      80     -20.5625
      81      -3.8124
      82       0.5787
      83       6.2263
      84       1.9872
      85     -18.0358
      86     -12.8417
      87      -2.3905
      88      -2.2005
      89     -11.3060
      90     -13.7157
      91      -9.5400
      92      -8.5270
      93      -7.8605
      94     -12.2910
      95      -7.6037
      96      -6.6049
      97     -23.4712
      98     -20.7937
      99     -20.3750
     100     -17.6739
     101     -14.2470
     102       5.7333
     103      -3.3993
     104      -7.6291
     105     -15.0596
     106     -22.2098
     107     -27.2485
     108     -30.6233
     109     -23.4168
     110     -17.8942
     111     -28.6921
     112     -27.6684
     113     -23.9550
     114     -34.1619
     115     -17.2790
     116       0.4377
     117       6.8082
     118       5.8826
     119       8.8304
     120       4.4381
     121     -11.5114
     122     -24.8783
     123     -19.8444
     124      -2.3886
     125      -3.5460
     126      12.8977
     127      14.6576
     128      10.6737
     129      13.7351
     130      12.9471
     131      -3.3794
     132      31.2774
     133       2.8587
     134      10.6026
     135      22.8557
     136      -4.1621
     137      18.1330
     138      20.2409
     139       6.3070
     140      13.9359
     141      12.7180
     142       8.5496
     143      -7.8651
     144      16.4185
     145      17.7186
     146      11.4919
     147      20.2963
     148       8.9894
     149      13.8576
     150      14.6365
     151      13.9199
     152       5.9741
     153       4.6936
     154     -10.6177
     155      -2.2910
     156      -6.0282
     157      18.9786
     158      17.5887
     159      24.8523
     160      11.2781
     161      14.3330
     162      13.3763
     163      16.9518
     164      12.1964
     165      13.1779
     166       9.7888
     167       3.4040
     168      22.5464
     169      13.9840
     170      19.5878
     171      22.1754
     172      13.8452
     173      31.9682
     174      20.0386
     175      24.4418
     176      19.7956
     177      22.8932
     178      20.8491
     179      22.3367
     180      20.8598
     181       7.3252
     182      12.9862
     183       5.6234
     184      16.8561
     185      15.5495
     186      33.3011
     187      13.5789
     188      23.4956
     189      28.6772
     190      18.9169
     191      17.5462
     192      25.1279
     193      12.4984
     194      15.0904
     195      18.4011
     196      -7.2667
     197      14.0030
     198      20.1347
     199      19.4968
     200      11.6366
