#Frame      Dih_00010
       1      -4.4179
       2     -13.8946
       3      -7.3093
       4      13.0846
       5       2.1630
       6      -2.1110
       7      -2.4737
       8     -25.8273
       9      -2.5319
      10      -8.2930
      11     -13.9228
      12     -15.7077
      13      -4.4565
      14      -7.5935
      15      -4.3110
      16      -3.8274
      17      -2.1856
      18      24.1521
      19      32.2151
      20      29.1994
      21       1.0923
      22      24.3179
      23       6.8829
      24       1.7624
      25      11.0903
      26      35.2399
      27      25.3858
      28      25.3277
      29      17.0759
      30      25.5595
      31      26.8620
      32      39.6288
      33      33.8742
      34      36.1997
      35      33.3284
      36      26.2093
      37      29.7368
      38      18.1764
      39       3.9290
      40      16.0833
      41       3.6051
      42     -17.4636
      43      15.7807
      44      29.6349
      45      34.7966
      46      37.4941
      47      31.0958
      48      14.5822
      49      21.7844
      50      24.0599
      51      35.1121
      52      43.6798
      53      35.9997
      54      40.5891
      55      23.9573
      56      29.2485
      57      31.1336
      58      32.0564
      59      35.2406
      60      33.2804
      61      28.8863
      62      33.8131
      63      39.6750
      64      23.0944
      65      30.2005
      66      35.4420
      67      28.8970
      68      32.1813
      69      34.0414
      70      25.5831
      71      27.4092
      72      36.8049
      73      30.8241
      74      27.5448
      75      33.0145
      76      33.7605
      77      29.9800
      78      43.2103
      79      34.7266
      80      36.0021
      81      27.5174
      82      22.0341
      83      11.1754
      84      28.8977
      85      33.5580
      86      32.8284
      87      26.8517
      88      28.1043
      89      30.8925
      90      25.2300
      91      31.5975
      92      19.9364
      93      25.8536
      94      35.4083
      95      30.1199
      96      28.2289
      97      39.9038
      98      29.3745
      99      36.3986
     100      40.4232
     101      33.1531
     102      15.5969
     103      25.5935
     104      29.9932
     105      36.2729
     106      38.1890
     107      40.5882
     108      38.9493
     109      43.0205
     110      35.8193
     111      36.9351
     112      49.0934
     113      33.5343
     114      43.6126
     115      34.3149
     116      11.1896
     117      14.5701
     118      24.0499
     119      13.5024
     120      15.9778
     121      33.4864
     122      34.2244
     123      41.9742
     124      22.8476
     125      27.6698
     126      15.6736
     127      12.2012
     128      11.7214
     129      13.6520
     130      19.8512
     131      31.6754
     132      -4.8477
     133      26.9235
     134      11.0122
     135      -0.1553
     136      33.9464
     137      12.2196
     138      -1.2614
     139      17.5853
     140      10.8344
     141      10.7963
     142      14.5285
     143      26.4417
     144       4.2868
     145       2.8748
     146      18.1736
     147       7.0227
     148      12.2748
     149      12.5966
     150       5.1395
     151       5.5906
     152      19.5296
     153      22.9436
     154      34.3518
     155      25.0488
     156      31.7049
     157       7.6037
     158       3.3975
     159       0.7263
     160      17.3617
     161      19.2092
     162      14.8547
     163       9.9704
     164      14.7081
     165      20.4690
     166      17.5136
     167      15.9690
     168      -4.6374
     169       1.7456
     170      -6.9760
     171     -10.6994
     172       6.8595
     173     -12.6837
     174     -12.2843
     175     -10.4090
     176      -9.8000
     177      -4.1020
     178       1.2313
     179      -7.7601
     180       3.2786
     181      13.8399
     182       8.1810
     183      16.8468
     184       3.4096
     185       3.0982
     186      -7.7186
     187       1.3976
     188      -2.6259
     189       0.3397
     190       2.5892
     191      -8.1885
     192      -2.3929
     193      -1.6451
     194      -3.0277
     195      -1.9294
     196      16.5286
     197       3.7438
     198      -2.0969
     199       6.5265
     200       6.9121
