#Frame      Dih_00150
       1       6.3467
       2      15.7493
       3      16.1684
       4      10.6058
       5      15.3664
       6      12.8702
       7      12.9328
       8      23.9114
       9       2.4617
      10      14.6430
      11      15.5181
      12       0.7946
      13      20.3594
      14      17.3225
      15      17.8409
      16      26.7341
      17      13.2952
      18       8.1724
      19       6.3091
      20      21.1467
      21      19.3455
      22      32.1111
      23      16.6104
      24      11.2003
      25      12.1807
      26      14.8881
      27       9.2224
      28      13.4248
      29      18.9707
      30       6.0811
      31      11.9091
      32      15.3100
      33      18.1457
      34      17.0744
      35       8.5316
      36      12.1709
      37      20.1282
      38       1.9332
      39       5.9339
      40      10.6955
      41       8.2493
      42      24.9699
      43      15.6363
      44      19.7509
      45      14.7446
      46       8.3631
      47      12.6239
      48      13.5940
      49      17.1499
      50      11.5801
      51       1.0706
      52      11.4901
      53      11.8446
      54      17.9168
      55      13.7764
      56      17.3985
      57       9.6699
      58      10.4554
      59      15.0728
      60      17.2418
      61       7.5573
      62      19.0940
      63       5.4235
      64       6.5949
      65      12.1016
      66       8.1263
      67      21.6211
      68      20.1336
      69       1.3478
      70      16.0262
      71      10.3431
      72       9.1818
      73      15.6482
      74       5.5913
      75      13.8927
      76      12.4109
      77      14.5569
      78       8.9103
      79       4.4624
      80      -2.0717
      81       7.6639
      82       5.6213
      83      11.1945
      84      15.5351
      85      10.2605
      86      -4.3870
      87       8.9609
      88      -1.1790
      89      11.5490
      90       5.8196
      91      12.0203
      92      10.1469
      93      10.1389
      94       6.6519
      95       7.8622
      96       8.6816
      97       5.3132
      98      15.6124
      99      15.5187
     100       6.2937
     101      10.5774
     102       3.2878
     103      10.4399
     104      14.8487
     105       2.0024
     106       4.3980
     107       4.2503
     108       3.1220
     109       9.9155
     110      15.3160
     111       7.2802
     112       4.2884
     113      12.8511
     114       0.3222
     115      21.0793
     116      31.0396
     117      21.2261
     118      13.0358
     119      23.2795
     120      15.2718
     121      16.2393
     122      31.7014
     123      20.0477
     124      17.7250
     125      24.6047
     126      13.1669
     127      10.6224
     128      10.6661
     129       6.2932
     130      19.6346
     131      18.7492
     132       6.0391
     133      10.9874
     134      14.5513
     135      21.0639
     136      20.2111
     137       9.2732
     138      19.7017
     139      12.5752
     140      12.4654
     141      15.6067
     142      11.4213
     143       4.3097
     144      12.3671
     145      23.2519
     146      19.8219
     147      11.9463
     148      -0.0249
     149       9.8764
     150      14.6466
     151      13.0438
     152      22.5509
     153       5.4929
     154      17.1744
     155      10.8533
     156      10.9350
     157      12.5613
     158      28.1333
     159      19.9490
     160      19.5005
     161      17.8484
     162       7.5627
     163       7.9746
     164       9.6800
     165      16.2192
     166      16.2590
     167      24.4555
     168      19.6057
     169       4.7641
     170      16.2480
     171      13.1633
     172      18.4894
     173       7.9179
     174      16.5468
     175      28.8715
     176      17.7140
     177      13.4662
     178      11.7252
     179      20.8908
     180      12.5874
     181      12.8856
     182      17.4046
     183       8.8246
     184      12.7410
     185       5.3184
     186      21.8037
     187      25.0235
     188      18.8916
     189      19.8603
     190      12.1902
     191       3.8797
     192      14.8675
     193      26.6195
     194      21.0426
     195      23.6328
     196      22.0226
     197       7.6770
     198      23.5800
     199      16.4912
     200       8.6104
