#Frame      Dih_00146
       1      21.5226
       2      10.0264
       3      13.2848
       4      18.2679
       5      14.9574
       6      13.5798
       7      15.8970
       8       2.1317
       9      21.1931
      10      14.5223
      11      12.3097
      12      22.0960
      13       6.5238
      14      12.5316
      15      10.7025
      16       5.0434
      17      13.9166
      18      16.2441
      19      22.3339
      20       8.9699
      21      10.0112
      22      -3.1724
      23      11.0161
      24      17.6979
      25      16.9093
      26      12.0497
      27      19.1075
      28      13.7079
      29      11.7480
      30      24.7723
      31      18.3543
      32      11.4202
      33      12.2674
      34      11.8895
      35      17.3830
      36      19.4056
      37       6.6245
      38      24.7147
      39      17.8408
      40      18.1006
      41      20.7426
      42       8.1988
      43      12.1897
      44      10.3279
      45      15.2910
      46      17.2377
      47      12.9774
      48      13.7007
      49       6.7134
      50      16.7215
      51      27.2139
      52      16.7211
      53      15.6876
      54      13.3247
      55      11.1899
      56       9.5163
      57      16.6536
      58      20.8401
      59      18.4227
      60      12.1688
      61      14.2445
      62      10.6095
      63      20.6187
      64      20.3280
      65      16.4828
      66      15.0456
      67       9.2713
      68       6.5160
      69      24.7809
      70      11.5227
      71      19.7736
      72      18.9818
      73      13.4342
      74      19.9417
      75       9.9630
      76      17.6779
      77      14.5002
      78      18.5515
      79      27.0827
      80      26.9011
      81      19.1703
      82      19.0634
      83      15.3646
      84       7.6530
      85      17.9237
      86      30.1681
      87      21.2368
      88      25.1306
      89      13.5208
      90      19.9668
      91      12.3996
      92      17.4682
      93      16.1825
      94      20.6959
      95      21.0795
      96      16.7139
      97      16.5751
      98      12.8838
      99      14.9426
     100      18.4079
     101      19.2037
     102      24.0385
     103      12.3603
     104      13.5261
     105      23.7443
     106      20.4219
     107      21.7704
     108      24.9843
     109      14.6181
     110      12.2586
     111      16.4540
     112      21.0075
     113      13.9219
     114      24.1680
     115       8.0958
     116      -2.9560
     117       6.9023
     118      15.6224
     119       5.7106
     120      13.7471
     121      13.0542
     122      -8.0579
     123       6.5414
     124      10.5992
     125       5.8365
     126      15.5922
     127      17.3127
     128      12.4545
     129      20.1177
     130       3.0726
     131      10.6271
     132      18.9360
     133      18.0465
     134      13.7107
     135       6.1409
     136      12.4772
     137      18.4499
     138       5.6604
     139      16.0051
     140      19.8642
     141      13.5552
     142      11.7607
     143      26.3538
     144      14.3672
     145       2.6028
     146       8.8813
     147      18.6568
     148      28.8671
     149      13.2660
     150      16.5532
     151      13.2218
     152       4.4826
     153      22.9134
     154       7.3690
     155      12.9730
     156      15.8882
     157      12.3577
     158       0.8547
     159       3.5394
     160       7.7961
     161       7.6327
     162      16.1101
     163      19.9936
     164      17.8503
     165       8.5964
     166      11.7025
     167       3.8948
     168       9.2389
     169      16.5581
     170      11.4623
     171      17.2626
     172       9.4130
     173      15.5286
     174      11.0550
     175     -10.0034
     176       3.0059
     177      12.3786
     178      16.2368
     179       4.3775
     180      10.8848
     181      11.9159
     182       4.0361
     183      15.4805
     184      12.1814
     185      20.5149
     186       7.1518
     187       0.2229
     188       4.6857
     189       3.9320
     190      14.1553
     191      20.8210
     192      14.6166
     193       0.5608
     194       5.6043
     195       3.7594
     196       3.0608
     197      12.0002
     198       5.3867
     199      16.2296
     200      15.2323
