#Frame      Dih_00149
       1     -30.1010
       2     -33.7710
       3     -38.7895
       4     -33.8788
       5     -39.1693
       6     -34.8022
       7     -36.0590
       8     -38.9333
       9     -24.4711
      10     -37.1799
      11     -36.7415
      12     -22.5261
      13     -36.8727
      14     -37.6693
      15     -35.9791
      16     -45.1279
      17     -33.9856
      18     -28.9851
      19     -31.6689
      20     -42.8527
      21     -41.3702
      22     -47.0631
      23     -37.6228
      24     -37.6656
      25     -34.5310
      26     -35.2936
      27     -32.6154
      28     -35.0891
      29     -39.6723
      30     -32.3105
      31     -38.0247
      32     -35.5548
      33     -39.7975
      34     -38.4410
      35     -30.1870
      36     -38.0627
      37     -40.2111
      38     -27.1005
      39     -26.9979
      40     -33.2252
      41     -32.6203
      42     -46.8504
      43     -35.5405
      44     -40.6136
      45     -39.2729
      46     -30.6132
      47     -32.3531
      48     -34.0584
      49     -34.4265
      50     -35.9141
      51     -27.2985
      52     -32.9665
      53     -32.8692
      54     -39.8939
      55     -33.1659
      56     -35.3576
      57     -31.7318
      58     -36.1455
      59     -43.4687
      60     -39.2261
      61     -25.2804
      62     -39.2756
      63     -29.3735
      64     -30.5111
      65     -35.0695
      66     -28.5656
      67     -41.8702
      68     -39.1177
      69     -26.1553
      70     -35.1682
      71     -35.2283
      72     -31.1350
      73     -37.9531
      74     -28.8089
      75     -31.3398
      76     -37.7308
      77     -36.3777
      78     -33.0225
      79     -34.4829
      80     -24.7204
      81     -31.0625
      82     -28.1042
      83     -32.1337
      84     -31.2107
      85     -31.9620
      86     -22.1841
      87     -34.1933
      88     -22.8713
      89     -29.8701
      90     -28.7710
      91     -30.7808
      92     -32.9395
      93     -30.3900
      94     -30.7235
      95     -32.8734
      96     -30.6990
      97     -25.3967
      98     -36.6100
      99     -36.7522
     100     -27.4996
     101     -34.8508
     102     -28.3028
     103     -27.2896
     104     -36.8182
     105     -25.5681
     106     -27.9596
     107     -28.4736
     108     -28.5129
     109     -29.5893
     110     -36.5133
     111     -28.4508
     112     -30.0904
     113     -32.4384
     114     -25.0047
     115     -43.7932
     116     -48.3890
     117     -39.1761
     118     -37.1420
     119     -40.5748
     120     -40.2232
     121     -37.4804
     122     -40.0965
     123     -37.0123
     124     -37.9622
     125     -42.9360
     126     -34.1201
     127     -33.8196
     128     -30.3751
     129     -29.6068
     130     -33.7300
     131     -40.5443
     132     -27.7626
     133     -35.6981
     134     -34.4064
     135     -37.7075
     136     -43.1212
     137     -32.1463
     138     -36.0681
     139     -34.9038
     140     -38.4974
     141     -37.2798
     142     -29.3407
     143     -34.6455
     144     -34.9386
     145     -40.7440
     146     -38.8961
     147     -36.7488
     148     -29.3670
     149     -29.1094
     150     -39.0502
     151     -34.4090
     152     -38.9134
     153     -32.0501
     154     -33.4829
     155     -29.7210
     156     -32.0113
     157     -32.0121
     158     -45.6084
     159     -35.5644
     160     -37.8106
     161     -34.4868
     162     -28.5127
     163     -31.9802
     164     -34.9990
     165     -34.1941
     166     -36.2445
     167     -40.8073
     168     -38.9115
     169     -22.5874
     170     -37.8621
     171     -39.7354
     172     -36.2610
     173     -28.4608
     174     -37.2444
     175     -38.2748
     176     -33.4542
     177     -32.2608
     178     -34.8258
     179     -37.0252
     180     -31.2518
     181     -32.1238
     182     -30.3232
     183     -28.3055
     184     -32.2499
     185     -28.7079
     186     -40.5832
     187     -37.9564
     188     -33.0744
     189     -36.1466
     190     -34.2001
     191     -26.3605
     192     -36.6992
     193     -44.3847
     194     -38.9155
     195     -40.7902
     196     -37.4696
     197     -24.0920
     198     -43.8961
     199     -40.4194
     200     -27.0047
