#Frame      Dih_00148
       1      42.6417
       2      39.9957
       3      44.5041
       4      40.0394
       5      46.2037
       6      41.4489
       7      43.4915
       8      36.9009
       9      37.0495
      10      43.4379
      11      40.7428
      12      33.4365
      13      39.0304
      14      46.8669
      15      41.7460
      16      46.3429
      17      42.7482
      18      37.1677
      19      42.2553
      20      45.6558
      21      44.6380
      22      43.5977
      23      41.6300
      24      45.0900
      25      42.1621
      26      41.4984
      27      41.0572
      28      42.6054
      29      43.9942
      30      45.7374
      31      45.4608
      32      39.4619
      33      46.5531
      34      44.3927
      35      38.3009
      36      44.8512
      37      43.7737
      38      41.6272
      39      37.5529
      40      39.1367
      41      41.9775
      42      46.4365
      43      41.7089
      44      44.2124
      45      46.1199
      46      40.5907
      47      38.8281
      48      42.9007
      49      37.8108
      50      44.2741
      51      40.8504
      52      42.6426
      53      42.8095
      54      47.8983
      55      37.5329
      56      39.0720
      57      42.4679
      58      48.7415
      59      50.7369
      60      46.3731
      61      32.2841
      62      40.4466
      63      39.7498
      64      41.9892
      65      41.7531
      66      35.6972
      67      43.5612
      68      41.3359
      69      38.5185
      70      40.2737
      71      44.6259
      72      42.2148
      73      43.8083
      74      37.9485
      75      36.5637
      76      44.1022
      77      42.9813
      78      43.0911
      79      48.9032
      80      39.4801
      81      41.0424
      82      36.7731
      83      40.1008
      84      36.3071
      85      40.0708
      86      37.1638
      87      45.9211
      88      37.1109
      89      37.4448
      90      39.3229
      91      35.0531
      92      41.6909
      93      40.5895
      94      44.0485
      95      44.9122
      96      37.9293
      97      33.7493
      98      41.7646
      99      45.0636
     100      37.3914
     101      42.8621
     102      41.1759
     103      32.4223
     104      43.6031
     105      38.3393
     106      39.8005
     107      39.5143
     108      38.9639
     109      38.1984
     110      43.0044
     111      37.5850
     112      39.8083
     113      38.7812
     114      39.2845
     115      45.8551
     116      43.6731
     117      41.2018
     118      43.1024
     119      42.7481
     120      45.6594
     121      42.0080
     122      36.7039
     123      38.8880
     124      42.2002
     125      45.7468
     126      44.9074
     127      41.7131
     128      36.0181
     129      40.9650
     130      34.0214
     131      45.1154
     132      38.8032
     133      44.7514
     134      41.9437
     135      42.5137
     136      44.4146
     137      40.8575
     138      38.7361
     139      42.4103
     140      49.1587
     141      45.8409
     142      35.6400
     143      45.0637
     144      40.2908
     145      39.1096
     146      42.4877
     147      46.4351
     148      44.2471
     149      36.3143
     150      48.1996
     151      39.5907
     152      41.8075
     153      42.0808
     154      37.0806
     155      34.4946
     156      40.9303
     157      36.8300
     158      42.0293
     159      35.8241
     160      40.5425
     161      37.5982
     162      36.8260
     163      40.1714
     164      41.4747
     165      36.5382
     166      43.3118
     167      42.7208
     168      43.0636
     169      29.1677
     170      40.5870
     171      47.1343
     172      38.3070
     173      38.2021
     174      39.0085
     175      30.6620
     176      32.8634
     177      41.6999
     178      42.3448
     179      38.9353
     180      35.7255
     181      37.3161
     182      30.3353
     183      37.8117
     184      39.6328
     185      35.9055
     186      43.7398
     187      40.3462
     188      34.9004
     189      35.4305
     190      38.1973
     191      37.5401
     192      43.7526
     193      45.7715
     194      40.4793
     195      41.5445
     196      36.0210
     197      29.5352
     198      46.3882
     199      48.4440
     200      34.7394
