#Frame      Dih_00147
       1     -39.8495
       2     -30.8963
       3     -38.1654
       4     -37.2154
       5     -38.8392
       6     -35.7183
       7     -38.5573
       8     -25.9876
       9     -36.7559
      10     -35.6617
      11     -34.8197
      12     -33.1161
      13     -29.4880
      14     -37.5298
      15     -33.7815
      16     -33.0553
      17     -36.3238
      18     -33.4186
      19     -39.6992
      20     -37.3319
      21     -34.7745
      22     -26.5135
      23     -34.9320
      24     -39.6476
      25     -37.6414
      26     -33.6152
      27     -37.5069
      28     -36.6927
      29     -34.8610
      30     -45.2201
      31     -39.7256
      32     -32.8480
      33     -37.0686
      34     -36.2494
      35     -36.9357
      36     -41.3939
      37     -32.8907
      38     -42.8538
      39     -34.2434
      40     -37.9004
      41     -39.0985
      42     -35.7943
      43     -35.8012
      44     -35.3844
      45     -38.5900
      46     -35.0441
      47     -31.7986
      48     -38.0435
      49     -26.5120
      50     -40.9686
      51     -43.6772
      52     -38.0345
      53     -37.7773
      54     -38.7697
      55     -31.4581
      56     -32.3249
      57     -37.0645
      58     -43.1775
      59     -43.8279
      60     -37.7083
      61     -30.3803
      62     -33.6583
      63     -38.9075
      64     -37.8348
      65     -37.3255
      66     -32.5573
      67     -35.6238
      68     -30.8413
      69     -40.7112
      70     -33.2045
      71     -41.9661
      72     -37.6767
      73     -36.5200
      74     -37.7999
      75     -29.3490
      76     -40.2800
      77     -37.7416
      78     -37.7731
      79     -46.6035
      80     -40.8905
      81     -38.4138
      82     -35.4326
      83     -34.6319
      84     -28.8488
      85     -36.8291
      86     -42.8767
      87     -42.9422
      88     -37.4251
      89     -33.2692
      90     -38.2303
      91     -31.6515
      92     -38.3524
      93     -36.1957
      94     -42.7829
      95     -39.6134
      96     -35.7729
      97     -31.4873
      98     -34.5631
      99     -35.6927
     100     -36.1699
     101     -39.8011
     102     -41.1642
     103     -30.5839
     104     -36.0827
     105     -38.1263
     106     -35.1773
     107     -40.7820
     108     -40.1971
     109     -33.2789
     110     -34.2536
     111     -34.1409
     112     -37.7699
     113     -33.3008
     114     -41.6696
     115     -33.9697
     116     -27.0245
     117     -31.8280
     118     -36.7910
     119     -29.7283
     120     -38.5022
     121     -34.7310
     122     -19.3269
     123     -29.8302
     124     -35.1464
     125     -33.7629
     126     -39.8353
     127     -39.2306
     128     -29.7141
     129     -38.5376
     130     -23.9150
     131     -34.9369
     132     -35.7372
     133     -41.6713
     134     -35.7666
     135     -31.5837
     136     -37.5532
     137     -37.4319
     138     -28.1768
     139     -37.8041
     140     -40.8435
     141     -36.5655
     142     -30.1660
     143     -44.6535
     144     -35.4413
     145     -27.0533
     146     -33.5132
     147     -43.0280
     148     -45.9346
     149     -31.7057
     150     -40.0100
     151     -33.7639
     152     -27.4995
     153     -40.7293
     154     -27.5870
     155     -31.7929
     156     -34.9472
     157     -32.1096
     158     -29.5512
     159     -26.6561
     160     -32.1527
     161     -29.4517
     162     -33.4366
     163     -36.8443
     164     -37.7614
     165     -28.6526
     166     -36.3356
     167     -29.1344
     168     -35.1327
     169     -30.6466
     170     -34.0406
     171     -39.7828
     172     -31.7899
     173     -32.3050
     174     -32.9523
     175     -13.3571
     176     -22.2583
     177     -35.0935
     178     -36.5995
     179     -27.8894
     180     -28.7638
     181     -32.2918
     182     -22.8296
     183     -33.8481
     184     -31.2145
     185     -37.1624
     186     -34.4395
     187     -25.5583
     188     -26.1456
     189     -25.8013
     190     -33.8975
     191     -35.5047
     192     -38.5756
     193     -30.6561
     194     -30.9598
     195     -28.4494
     196     -26.4667
     197     -25.6375
     198     -32.0746
     199     -42.0138
     200     -31.3853
