#Frame      Dih_00152
       1     -32.8656
       2     -28.5468
       3     -31.0481
       4     -35.3880
       5     -38.4014
       6     -40.1748
       7     -32.7670
       8     -36.6215
       9     -24.8715
      10     -32.8015
      11     -32.9461
      12     -35.6973
      13     -39.0507
      14     -39.4638
      15     -28.1752
      16     -31.9443
      17     -36.1307
      18     -26.4096
      19     -26.6602
      20     -40.0616
      21     -41.9995
      22     -34.4673
      23     -36.7681
      24     -36.8805
      25     -41.0826
      26     -38.3774
      27     -28.0738
      28     -33.5070
      29     -32.7237
      30     -38.3595
      31     -34.6799
      32     -29.4701
      33     -35.4103
      34     -31.7859
      35     -40.0836
      36     -33.4917
      37     -35.3841
      38     -37.0789
      39     -35.8630
      40     -30.4935
      41     -36.5916
      42     -34.2799
      43     -36.1798
      44     -34.3920
      45     -33.1488
      46     -37.7996
      47     -31.4897
      48     -28.1794
      49     -29.3985
      50     -39.3734
      51     -34.2026
      52     -29.2834
      53     -26.5942
      54     -34.5239
      55     -27.9593
      56     -34.9707
      57     -36.9472
      58     -37.0103
      59     -41.6048
      60     -34.8970
      61     -31.6600
      62     -28.3783
      63     -30.2919
      64     -34.7600
      65     -32.4375
      66     -40.7685
      67     -38.6638
      68     -28.1929
      69     -34.9941
      70     -30.9755
      71     -32.2644
      72     -33.6351
      73     -37.5325
      74     -43.2311
      75     -34.2818
      76     -28.3769
      77     -26.5996
      78     -31.4056
      79     -34.9046
      80     -36.9814
      81     -37.8467
      82     -26.9986
      83     -23.0876
      84     -27.8056
      85     -35.1710
      86     -29.2674
      87     -35.5157
      88     -33.3246
      89     -30.8886
      90     -34.2144
      91     -37.5720
      92     -35.1784
      93     -30.5869
      94     -41.2789
      95     -38.7857
      96     -37.9645
      97     -23.3073
      98     -26.9292
      99     -32.1457
     100     -35.3419
     101     -31.5676
     102     -38.1814
     103     -36.3147
     104     -34.5943
     105     -37.6742
     106     -32.7846
     107     -41.1463
     108     -35.5068
     109     -29.9395
     110     -31.5605
     111     -22.1487
     112     -33.1579
     113     -31.9510
     114     -30.9980
     115     -36.3955
     116     -39.3495
     117     -31.3420
     118     -36.9213
     119     -23.6074
     120     -38.5402
     121     -27.2643
     122     -30.5461
     123     -28.2794
     124     -35.7284
     125     -37.1545
     126     -30.8469
     127     -28.3924
     128     -35.4847
     129     -36.2536
     130     -33.9711
     131     -34.0117
     132     -39.1884
     133     -34.1520
     134     -28.1756
     135     -32.9474
     136     -35.4297
     137     -31.3705
     138     -37.6574
     139     -30.4948
     140     -41.5633
     141     -33.2871
     142     -28.5521
     143     -32.4816
     144     -31.8576
     145     -36.9630
     146     -34.6016
     147     -32.7863
     148     -30.1029
     149     -32.0905
     150     -18.3877
     151     -22.8960
     152     -36.0630
     153     -25.4853
     154     -31.4372
     155     -35.8947
     156     -28.8511
     157     -39.4630
     158     -24.0855
     159     -29.5015
     160     -34.8709
     161     -26.4985
     162     -33.0760
     163     -37.3318
     164     -40.5796
     165     -33.9957
     166     -33.2388
     167     -38.4742
     168     -23.8345
     169     -33.2937
     170     -31.6813
     171     -34.6074
     172     -38.1760
     173     -35.7392
     174     -26.8014
     175     -22.3030
     176     -26.8425
     177     -33.2752
     178     -28.9270
     179     -28.8198
     180     -35.8453
     181     -32.1333
     182     -29.2972
     183     -29.8782
     184     -31.5825
     185     -31.0758
     186     -27.9091
     187     -39.5421
     188     -30.4071
     189     -15.7322
     190     -26.7111
     191     -31.3436
     192     -28.0793
     193     -31.5697
     194     -35.0351
     195     -26.9272
     196     -36.3438
     197     -30.0187
     198     -34.8411
     199     -29.0296
     200     -30.7302
