#Frame      Dih_00155
       1       8.3484
       2      20.9435
       3      19.6922
       4      13.6356
       5       1.4650
       6       9.7783
       7      17.2728
       8      12.3939
       9      20.2474
      10       9.2404
      11      17.3322
      12      11.5926
      13      18.3272
      14       9.6792
      15      17.3397
      16      12.9802
      17      13.9953
      18      22.4794
      19      13.9357
      20      10.8266
      21      11.8297
      22      10.3420
      23      14.6505
      24      13.5794
      25       5.8224
      26      11.8890
      27      22.4285
      28      14.3097
      29      11.6111
      30      12.2665
      31      20.6220
      32      10.6778
      33       8.1975
      34      18.4636
      35       9.3018
      36       6.2682
      37      11.2886
      38      11.2559
      39       8.5310
      40      14.1763
      41      11.8234
      42       8.9514
      43      15.6650
      44       4.2581
      45       8.6614
      46      11.6226
      47       9.2753
      48      18.8938
      49      15.6350
      50       4.6194
      51      17.5603
      52      10.8938
      53      16.7844
      54      15.1775
      55      24.0897
      56       2.6992
      57       6.3859
      58      15.5345
      59      10.3506
      60      11.6403
      61      13.7157
      62       6.8450
      63      11.0158
      64      10.9602
      65      13.0064
      66       7.5738
      67       6.6143
      68       8.9092
      69       6.0201
      70      17.7167
      71      19.8535
      72      12.8318
      73       2.9383
      74       0.8410
      75      11.7851
      76      17.8983
      77      13.3824
      78      11.7959
      79      12.8648
      80       1.4709
      81      13.3781
      82      12.4979
      83      14.0785
      84      10.0871
      85      12.2666
      86      12.9526
      87       4.7896
      88      -1.4038
      89      13.4006
      90       8.9207
      91       3.2474
      92      11.6884
      93      17.4952
      94       0.2426
      95      11.4285
      96       8.8210
      97      15.6455
      98      10.8821
      99      17.7108
     100      12.2113
     101      18.9831
     102       7.2893
     103       7.7528
     104      12.4394
     105      10.5068
     106      14.5590
     107      14.8136
     108      15.7924
     109      15.1295
     110       9.2990
     111      22.2915
     112       9.8049
     113       9.9308
     114      17.2825
     115       1.4755
     116      14.2961
     117      19.4516
     118       5.6316
     119      20.8420
     120      17.7123
     121      23.3959
     122      18.8648
     123      21.8287
     124      13.2199
     125      14.8476
     126      20.3284
     127       5.3440
     128      16.7272
     129       2.0996
     130      10.0242
     131      14.2654
     132       8.9412
     133      19.9697
     134      14.5561
     135       7.0404
     136       3.7847
     137      14.7287
     138      11.0057
     139      22.6351
     140       4.1610
     141      10.8327
     142      16.7989
     143      -3.2957
     144       9.7727
     145      15.2596
     146       9.6950
     147      12.1263
     148       3.9880
     149       0.5834
     150      18.2462
     151      28.4727
     152      12.0693
     153      23.3482
     154      17.7712
     155      23.5743
     156      21.5972
     157      15.7731
     158      22.9395
     159      18.0212
     160      23.1051
     161      23.8610
     162      28.4303
     163      18.7098
     164      13.6381
     165      25.1163
     166      17.2435
     167      12.1462
     168      17.1690
     169      25.1726
     170      19.4734
     171      17.3046
     172      13.9098
     173      11.3632
     174      19.1911
     175      26.0802
     176      20.5856
     177      11.5236
     178      28.6943
     179      27.0515
     180      17.1974
     181      10.3847
     182      15.4407
     183      15.1635
     184      11.1632
     185      19.3197
     186      20.0033
     187      10.8926
     188      17.6505
     189      22.4161
     190       8.7366
     191      10.8225
     192      24.5490
     193      30.7884
     194      15.6999
     195      20.4156
     196       5.7481
     197      10.6959
     198       7.8644
     199      20.1130
     200      15.0560
