#Frame      Dih_00154
       1     -29.6732
       2     -39.5122
       3     -39.2294
       4     -36.0232
       5     -25.5404
       6     -35.4222
       7     -35.4516
       8     -34.9995
       9     -34.0874
      10     -28.5814
      11     -35.4837
      12     -36.0938
      13     -41.6004
      14     -33.3632
      15     -33.9033
      16     -31.9372
      17     -35.7596
      18     -37.8929
      19     -31.5489
      20     -35.5038
      21     -37.2833
      22     -29.9682
      23     -35.7013
      24     -36.5383
      25     -29.5346
      26     -36.5827
      27     -40.5151
      28     -33.7760
      29     -32.0539
      30     -36.0658
      31     -41.2818
      32     -28.0677
      33     -28.7335
      34     -39.2378
      35     -35.2035
      36     -26.0010
      37     -31.0190
      38     -33.6741
      39     -31.2739
      40     -32.6428
      41     -34.4993
      42     -31.2003
      43     -37.0783
      44     -25.2913
      45     -29.9611
      46     -36.2507
      47     -29.0009
      48     -36.0001
      49     -31.9078
      50     -28.9883
      51     -37.6544
      52     -27.1953
      53     -33.8248
      54     -37.1391
      55     -41.8334
      56     -24.6646
      57     -29.1344
      58     -36.8305
      59     -36.1758
      60     -33.2572
      61     -33.4207
      62     -23.8045
      63     -29.3623
      64     -31.6621
      65     -30.9469
      66     -31.6305
      67     -30.3464
      68     -25.9119
      69     -27.1196
      70     -36.3341
      71     -38.8348
      72     -32.2832
      73     -26.3353
      74     -27.1846
      75     -32.7923
      76     -36.7799
      77     -29.6241
      78     -29.9091
      79     -32.9460
      80     -24.9368
      81     -37.5175
      82     -31.5057
      83     -27.3390
      84     -28.0563
      85     -32.1611
      86     -30.3778
      87     -25.0589
      88     -19.8608
      89     -33.2218
      90     -30.7950
      91     -26.6673
      92     -33.4234
      93     -34.1438
      94     -26.7802
      95     -36.4441
      96     -31.9724
      97     -29.4020
      98     -27.4327
      99     -36.9093
     100     -31.6200
     101     -35.3263
     102     -30.2746
     103     -29.0374
     104     -34.6380
     105     -33.3041
     106     -33.8594
     107     -39.1099
     108     -36.5198
     109     -33.5882
     110     -27.5850
     111     -33.6080
     112     -28.8016
     113     -30.4060
     114     -36.4046
     115     -23.4537
     116     -35.8879
     117     -40.7965
     118     -30.9190
     119     -36.0167
     120     -42.7207
     121     -38.6003
     122     -35.6695
     123     -37.7876
     124     -33.2213
     125     -37.8374
     126     -38.8079
     127     -22.8489
     128     -38.4449
     129     -24.7332
     130     -30.9503
     131     -33.6628
     132     -32.2327
     133     -38.7340
     134     -31.4694
     135     -27.1730
     136     -25.8832
     137     -33.1750
     138     -33.0221
     139     -40.1369
     140     -28.7481
     141     -30.4141
     142     -35.1339
     143     -17.4265
     144     -29.3745
     145     -37.7617
     146     -31.1426
     147     -31.2955
     148     -22.4624
     149     -20.5818
     150     -29.1374
     151     -42.1652
     152     -32.2425
     153     -39.0797
     154     -37.3225
     155     -43.4046
     156     -38.6519
     157     -38.5617
     158     -36.0904
     159     -35.3998
     160     -41.5082
     161     -38.9628
     162     -48.9500
     163     -43.5005
     164     -38.3117
     165     -43.4066
     166     -37.9877
     167     -36.7706
     168     -30.7504
     169     -45.0612
     170     -38.4028
     171     -39.5010
     172     -37.6373
     173     -32.7074
     174     -34.2146
     175     -38.9680
     176     -38.2891
     177     -29.8547
     178     -46.0905
     179     -44.0115
     180     -38.5166
     181     -31.4789
     182     -33.7626
     183     -33.7691
     184     -31.1693
     185     -38.7153
     186     -35.3487
     187     -34.2455
     188     -34.8753
     189     -32.3238
     190     -26.2795
     191     -28.7344
     192     -40.1611
     193     -50.0688
     194     -37.4545
     195     -35.5832
     196     -29.9590
     197     -29.2735
     198     -30.1714
     199     -39.2189
     200     -33.7106
