#Frame      Dih_00151
       1      16.5547
       2       5.1914
       3       8.1638
       4      13.8165
       5      23.3014
       6      20.0112
       7      11.1148
       8      16.2365
       9       3.4256
      10      14.3325
      11       9.2598
      12      15.8098
      13      12.8343
      14      18.9574
      15       7.2680
      16      11.2678
      17      15.3775
      18       2.8890
      19       8.4792
      20      19.1905
      21      19.6243
      22      15.3722
      23      13.1405
      24      15.7695
      25      22.8515
      26      17.3336
      27       3.6320
      28      11.8611
      29      14.5391
      30      16.4397
      31       8.1550
      32      12.9843
      33      17.3289
      34       8.5261
      35      19.6525
      36      17.0894
      37      14.2659
      38      16.2754
      39      17.5448
      40       9.5401
      41      16.5081
      42      16.1460
      43      12.9508
      44      18.7891
      45      15.9283
      46      17.6733
      47      14.4351
      48       6.7194
      49       8.5438
      50      21.6208
      51      11.8316
      52      10.9239
      53       7.6887
      54      12.6443
      55       2.7928
      56      20.9799
      57      18.7991
      58      14.1525
      59      20.3455
      60      16.2238
      61      10.9305
      62      13.8840
      63      12.2756
      64      14.5191
      65      12.0983
      66      20.2596
      67      21.1908
      68      12.1995
      69      17.5017
      70       9.2222
      71       8.6078
      72      12.3200
      73      22.0044
      74      26.6405
      75      14.3182
      76       6.2854
      77      10.1566
      78      11.9174
      79      13.6426
      80      22.4661
      81      15.5488
      82      10.4629
      83       5.5745
      84      11.5646
      85      14.7481
      86      10.4029
      87      18.0861
      88      22.0528
      89      12.3890
      90      16.0772
      91      21.5456
      92      15.0024
      93       7.5571
      94      25.0486
      95      18.0856
      96      19.1496
      97       4.6250
      98       9.8725
      99       9.7732
     100      13.9342
     101       6.8504
     102      19.9038
     103      18.3905
     104      14.1482
     105      17.2639
     106      11.8119
     107      16.9831
     108      12.6787
     109       9.8603
     110      13.3996
     111       0.2089
     112      13.9846
     113      14.5170
     114       9.2516
     115      22.7702
     116      14.2160
     117       8.3812
     118      19.9863
     119       1.9776
     120      13.1415
     121       2.3462
     122       7.1392
     123       4.4145
     124      15.1735
     125      14.5127
     126       7.2112
     127      15.3342
     128      12.9961
     129      21.7364
     130      15.2777
     131      12.2019
     132      18.2133
     133      10.0753
     134       8.9634
     135      16.0755
     136      19.8694
     137       9.8101
     138      15.8591
     139       5.7748
     140      21.6025
     141      14.1497
     142       7.5230
     143      21.7469
     144      14.2874
     145      14.1396
     146      15.6232
     147      12.1294
     148      17.3716
     149      19.6425
     150       0.4394
     151      -2.2715
     152      14.3406
     153       1.7210
     154       8.8013
     155       8.0141
     156       4.7994
     157      15.1779
     158       0.6878
     159       8.1549
     160       8.4309
     161       1.9855
     162       3.1835
     163      12.2977
     164      17.6410
     165       5.8734
     166      10.7363
     167      16.9648
     168       4.1821
     169       5.3015
     170       7.9179
     171      11.1321
     172      15.6377
     173      15.2230
     174       5.3611
     175      -1.6292
     176       4.8671
     177      13.3836
     178       0.4432
     179       1.3934
     180      12.0078
     181      14.2173
     182       9.1576
     183      10.0232
     184      13.0362
     185       7.0163
     186       5.4180
     187      17.9997
     188       8.7249
     189      -3.4025
     190      11.2722
     191      14.0150
     192       1.6013
     193       0.9321
     194      11.8700
     195       3.9328
     196      20.3612
     197      12.2893
     198      17.6595
     199       6.6011
     200       9.2280
