#Frame      Dih_00153
       1      35.8737
       2      39.0487
       3      41.3872
       4      42.3481
       5      37.3583
       6      44.7750
       7      40.9822
       8      43.8595
       9      35.8101
      10      34.9854
      11      41.4077
      12      44.2802
      13      48.1242
      14      43.9478
      15      36.9601
      16      39.5066
      17      42.7616
      18      39.0656
      19      34.8273
      20      44.7960
      21      48.0826
      22      39.7175
      23      40.1921
      24      43.9023
      25      42.5794
      26      43.7125
      27      39.0771
      28      39.6849
      29      38.7325
      30      44.5175
      31      44.2682
      32      34.0365
      33      37.3616
      34      42.3590
      35      43.7674
      36      36.2307
      37      40.4902
      38      41.9679
      39      40.7973
      40      38.3424
      41      40.1295
      42      41.0806
      43      43.0950
      44      35.3394
      45      38.8221
      46      42.6610
      47      34.6608
      48      37.1356
      49      37.1375
      50      41.9746
      51      43.5631
      52      32.8709
      53      36.7129
      54      42.1972
      55      41.6468
      56      36.0928
      57      38.9667
      58      41.7169
      59      46.5292
      60      40.5031
      61      37.8789
      62      29.2949
      63      35.8169
      64      38.7000
      65      38.8896
      66      45.0832
      67      39.3846
      68      32.0892
      69      37.4576
      70      39.7857
      71      43.0858
      72      39.0410
      73      38.1306
      74      41.2530
      75      39.7988
      76      40.3417
      77      33.3013
      78      36.2963
      79      41.2018
      80      37.1681
      81      45.1017
      82      35.0592
      83      29.8539
      84      33.3679
      85      37.7010
      86      37.1053
      87      36.2827
      88      32.4137
      89      39.4533
      90      38.0833
      91      38.7127
      92      41.1336
      93      38.4192
      94      41.1863
      95      47.8588
      96      41.3262
      97      31.2554
      98      30.9795
      99      40.6872
     100      40.3204
     101      40.3110
     102      40.0189
     103      39.0872
     104      40.0506
     105      42.5284
     106      38.9395
     107      47.0147
     108      43.7350
     109      37.4023
     110      33.7041
     111      33.5253
     112      37.8659
     113      36.3824
     114      37.6731
     115      36.9337
     116      45.2246
     117      43.2535
     118      40.5848
     119      35.1503
     120      47.4666
     121      37.9459
     122      38.1675
     123      38.3380
     124      41.6290
     125      44.5302
     126      41.0869
     127      30.7560
     128      41.9754
     129      36.3141
     130      36.8585
     131      38.4442
     132      41.7942
     133      43.5884
     134      35.0698
     135      34.4507
     136      34.8289
     137      38.4393
     138      42.5394
     139      40.9054
     140      41.7255
     141      38.1935
     142      38.1553
     143      29.5036
     144      35.7676
     145      45.4390
     146      40.2180
     147      36.5494
     148      32.6865
     149      32.3363
     150      27.8139
     151      37.7974
     152      39.7414
     153      38.6756
     154      41.3672
     155      45.0269
     156      41.2770
     157      42.7406
     158      36.8383
     159      37.1059
     160      45.3751
     161      39.5195
     162      46.8135
     163      47.3053
     164      47.6048
     165      44.8666
     166      39.4954
     167      45.3851
     168      31.7003
     169      45.3059
     170      40.7169
     171      44.2456
     172      44.1954
     173      38.1178
     174      39.2293
     175      35.3651
     176      38.0038
     177      37.0828
     178      44.3867
     179      42.3211
     180      42.9884
     181      37.5891
     182      36.5120
     183      36.5563
     184      36.4331
     185      41.1584
     186      37.3408
     187      42.6852
     188      39.3904
     189      26.9463
     190      29.5992
     191      34.6654
     192      41.1892
     193      45.7932
     194      41.7013
     195      37.7374
     196      38.4316
     197      34.4740
     198      39.8613
     199      38.9174
     200      37.5155
