#Frame      Dih_00156
       1      13.8281
       2      15.9771
       3       7.7825
       4      10.7400
       5      -0.1837
       6       6.3890
       7       1.3710
       8      17.1132
       9       3.2657
      10       9.1045
      11       8.5266
      12      -0.5673
      13       0.1354
      14       7.5451
      15       9.7861
      16       5.9934
      17       3.4225
      18       5.7922
      19       9.1575
      20       8.7083
      21      13.6317
      22       7.2230
      23      10.3994
      24      12.4653
      25      16.9134
      26      12.0194
      27      -3.3976
      28      -0.8317
      29      14.9002
      30       3.1551
      31       1.9103
      32      10.3619
      33      15.7036
      34       0.9518
      35       2.8549
      36       5.8789
      37      15.9332
      38       0.5957
      39       9.6082
      40      15.6709
      41      14.1833
      42       9.4468
      43      12.7304
      44       6.0975
      45      -2.4658
      46       1.1937
      47      10.2247
      48      10.9102
      49      -1.2867
      50       8.1953
      51      -3.2758
      52       2.6711
      53      17.9961
      54       9.6329
      55      -1.4092
      56       7.7829
      57      14.4507
      58       1.6242
      59      -1.2459
      60      -4.5098
      61      10.3661
      62      18.0014
      63       6.0725
      64       2.8796
      65      -2.7356
      66      11.1316
      67       5.6498
      68      10.3660
      69       1.7458
      70       8.2548
      71      10.3120
      72       5.8058
      73      11.5527
      74       4.3757
      75      13.8397
      76      16.2345
      77      16.7298
      78       9.5434
      79       6.5480
      80     -11.9585
      81      17.2657
      82      10.2360
      83      11.9425
      84       0.1749
      85      11.0776
      86       2.0837
      87      15.9684
      88      14.3895
      89       5.9416
      90       0.6107
      91      16.0906
      92      10.7007
      93      11.4529
      94       0.0045
      95       6.0960
      96      15.6752
      97      11.3314
      98       9.5842
      99      -0.6641
     100      -3.3955
     101      -0.3206
     102      18.5861
     103       1.2137
     104       3.9555
     105      -4.1131
     106      -8.9731
     107      -7.1986
     108      11.8199
     109       5.3653
     110      -2.5378
     111      15.4560
     112       8.4249
     113       0.8889
     114       6.2363
     115       0.3439
     116       2.1166
     117       7.5794
     118       8.7195
     119      11.2110
     120       6.5077
     121       6.7657
     122      17.6488
     123       9.4129
     124       3.5028
     125      12.7113
     126      10.4197
     127      24.1351
     128       8.5577
     129      -0.2495
     130       7.0940
     131      10.1270
     132      -5.3808
     133      10.0797
     134       2.2296
     135       1.9843
     136       2.9065
     137       8.0959
     138       3.8304
     139      14.8113
     140       1.8846
     141      10.6943
     142      18.9947
     143       9.8701
     144      10.2549
     145      12.3032
     146       9.0113
     147       0.0315
     148       6.1152
     149      17.0851
     150       4.7305
     151       5.4845
     152      11.9061
     153      12.3640
     154      -0.5055
     155       5.0149
     156      12.3179
     157      11.5643
     158       6.5978
     159       1.3846
     160      10.7369
     161      13.1487
     162       6.2031
     163      17.1488
     164      10.3714
     165      13.8230
     166      15.7522
     167      11.9379
     168       6.8161
     169      14.2260
     170       6.0827
     171      15.1972
     172      21.1930
     173       7.4747
     174       3.0458
     175      11.1825
     176      10.3808
     177       6.5533
     178      12.0597
     179      16.1418
     180       1.8575
     181       1.0480
     182       7.9818
     183       8.5613
     184      10.0786
     185      10.6970
     186      -3.9357
     187       5.4851
     188       7.9443
     189       1.1658
     190       9.3790
     191      11.4677
     192      13.5294
     193      18.7172
     194       9.6717
     195       7.6835
     196       5.4025
     197       5.9243
     198       5.3154
     199       5.8637
     200      12.5620
