#Frame      Dih_00160
       1       8.1452
       2      13.0820
       3      20.3112
       4      10.7343
       5      28.7838
       6      14.8726
       7      18.6846
       8       6.6274
       9      19.2189
      10      15.6216
      11      13.8432
      12      19.9090
      13      21.0907
      14      15.5646
      15      15.0764
      16      16.9517
      17      18.0063
      18      19.7887
      19      20.4379
      20      12.4322
      21       8.5541
      22      17.9237
      23      17.2127
      24       9.9047
      25       9.2934
      26      15.0189
      27      26.2694
      28      21.7862
      29      13.2314
      30      18.8643
      31      17.1875
      32      16.6628
      33       7.1781
      34      17.4804
      35      16.4398
      36      11.4868
      37      11.2284
      38      19.5712
      39      13.3703
      40       5.3068
      41       6.6006
      42      14.6046
      43      10.8835
      44      14.5535
      45      26.4648
      46      19.0888
      47      14.3901
      48      16.3810
      49      25.2939
      50      17.7368
      51      24.3642
      52      21.1120
      53       6.9975
      54      10.0348
      55      23.4371
      56      18.8158
      57      10.5673
      58      28.7883
      59      23.4431
      60      22.2710
      61      15.2528
      62       7.7118
      63      17.4756
      64      15.3298
      65      21.4732
      66      17.2648
      67      18.7706
      68      21.1218
      69      25.3835
      70      17.4734
      71      16.9477
      72      24.8564
      73      21.1181
      74      21.6888
      75      16.5856
      76      10.0443
      77      10.0534
      78      20.0561
      79      22.0498
      80      36.0295
      81       7.5659
      82      19.0451
      83      10.1212
      84      27.5320
      85      18.7530
      86      18.2370
      87       8.8171
      88      14.0995
      89      19.9629
      90      21.0527
      91      10.6688
      92      14.1401
      93      12.9218
      94      24.3907
      95      20.2883
      96      10.4813
      97      15.7768
      98      17.3592
      99      21.9827
     100      22.7635
     101      24.6634
     102       9.2806
     103      30.0977
     104      22.0918
     105      26.6041
     106      27.5763
     107      19.3708
     108      14.4771
     109      19.2297
     110      29.5839
     111      10.0051
     112      14.9153
     113      21.9577
     114      18.6839
     115      21.9595
     116      25.0992
     117      22.4511
     118      19.0068
     119      18.4859
     120      20.6409
     121      17.8993
     122       9.6887
     123      18.3222
     124      23.0117
     125      13.5388
     126      16.0822
     127       3.2583
     128      21.3805
     129      27.2614
     130      20.4326
     131      16.8500
     132      29.7260
     133      16.1283
     134      20.2669
     135      24.3998
     136      23.5609
     137       8.2397
     138      22.4290
     139      14.3419
     140      28.5917
     141      18.1595
     142       5.8053
     143      16.3059
     144      21.8660
     145      18.9442
     146      18.6799
     147      29.1732
     148      27.9307
     149      12.5957
     150      20.4516
     151      27.4208
     152      12.4446
     153      11.5704
     154      23.1972
     155      22.7226
     156      14.0603
     157      16.0984
     158      19.9536
     159      25.0868
     160      10.9946
     161      13.6174
     162      20.1337
     163       8.6795
     164      12.2947
     165      17.8675
     166      11.9902
     167      13.0432
     168      18.1193
     169      18.0974
     170      19.7215
     171       9.6749
     172       6.6719
     173      17.3889
     174      21.1342
     175       9.1467
     176      19.0236
     177      21.5400
     178       7.9015
     179       7.7402
     180      22.3089
     181      23.2933
     182      12.1961
     183       8.0705
     184      14.5753
     185      13.1929
     186      31.1715
     187      19.0804
     188      14.0400
     189      15.3521
     190      19.1194
     191      11.9877
     192      12.1311
     193       4.7799
     194      11.1998
     195      13.8769
     196      17.5151
     197      12.8424
     198      19.9253
     199      19.6671
     200      14.6676
