#Frame      Dih_00159
       1     -25.9877
       2     -35.6845
       3     -37.9089
       4     -28.2149
       5     -45.8989
       6     -31.4881
       7     -29.4161
       8     -27.8158
       9     -33.2175
      10     -33.1080
      11     -29.7744
      12     -31.2151
      13     -33.6108
      14     -32.4668
      15     -32.9249
      16     -31.9811
      17     -31.0927
      18     -36.9076
      19     -41.5019
      20     -27.7391
      21     -25.5572
      22     -35.8648
      23     -37.1551
      24     -27.1799
      25     -31.9408
      26     -36.1574
      27     -38.1904
      28     -32.8087
      29     -39.1062
      30     -33.4750
      31     -28.0935
      32     -36.0002
      33     -26.1862
      34     -29.5487
      35     -29.1331
      36     -23.1054
      37     -34.0237
      38     -29.9803
      39     -30.7346
      40     -23.5144
      41     -22.9151
      42     -32.3595
      43     -29.5360
      44     -28.1131
      45     -39.1346
      46     -30.0174
      47     -33.9307
      48     -36.0904
      49     -36.7893
      50     -36.2765
      51     -33.7225
      52     -36.7434
      53     -27.1770
      54     -24.9685
      55     -36.7569
      56     -36.0267
      57     -30.8946
      58     -46.2370
      59     -38.0481
      60     -31.8052
      61     -34.8603
      62     -30.2189
      63     -34.4601
      64     -27.4727
      65     -31.0257
      66     -36.0749
      67     -33.5391
      68     -43.0169
      69     -40.9876
      70     -36.7118
      71     -37.7639
      72     -44.5515
      73     -42.4006
      74     -37.7594
      75     -39.4095
      76     -33.0041
      77     -32.6509
      78     -41.0089
      79     -40.1028
      80     -42.0852
      81     -29.9101
      82     -39.7140
      83     -26.9702
      84     -41.0633
      85     -40.4695
      86     -29.7150
      87     -28.5958
      88     -35.6891
      89     -40.1590
      90     -33.6794
      91     -34.8730
      92     -32.1492
      93     -31.4957
      94     -41.2460
      95     -38.3125
      96     -31.0032
      97     -33.9597
      98     -36.3849
      99     -33.3713
     100     -35.5917
     101     -38.0463
     102     -31.3108
     103     -47.7615
     104     -39.3476
     105     -39.5669
     106     -36.3582
     107     -21.9868
     108     -33.6818
     109     -36.3454
     110     -42.4353
     111     -30.9319
     112     -30.8952
     113     -34.7323
     114     -34.5678
     115     -33.5377
     116     -41.8507
     117     -41.6168
     118     -38.0142
     119     -41.4701
     120     -38.3065
     121     -34.2778
     122     -34.5797
     123     -37.8101
     124     -41.6839
     125     -34.8603
     126     -34.0957
     127     -28.2492
     128     -40.0325
     129     -44.5382
     130     -37.0791
     131     -35.8740
     132     -42.0343
     133     -33.2908
     134     -35.1781
     135     -39.6955
     136     -39.9039
     137     -21.9881
     138     -39.1141
     139     -36.8733
     140     -46.3716
     141     -37.7029
     142     -28.9502
     143     -35.4503
     144     -44.5884
     145     -41.1890
     146     -38.6910
     147     -47.7551
     148     -49.3716
     149     -35.1859
     150     -36.0577
     151     -46.6974
     152     -32.3799
     153     -30.3859
     154     -34.2327
     155     -42.9117
     156     -34.0505
     157     -36.0623
     158     -37.6339
     159     -40.2984
     160     -26.8301
     161     -34.6506
     162     -38.7114
     163     -29.7668
     164     -28.2028
     165     -40.9465
     166     -33.9709
     167     -32.3587
     168     -35.2471
     169     -43.2006
     170     -36.5970
     171     -29.6106
     172     -30.7633
     173     -36.0867
     174     -35.0501
     175     -26.1593
     176     -39.6453
     177     -40.8271
     178     -24.2519
     179     -28.6283
     180     -37.3485
     181     -37.3760
     182     -26.6886
     183     -20.3490
     184     -31.9447
     185     -30.2038
     186     -42.8270
     187     -36.3219
     188     -30.8855
     189     -25.2390
     190     -38.4838
     191     -30.3044
     192     -32.6679
     193     -25.3115
     194     -26.5542
     195     -29.4144
     196     -33.2144
     197     -26.6064
     198     -34.9963
     199     -37.8282
     200     -35.2258
