#Frame      Dih_00157
       1     -31.6249
       2     -39.0283
       3     -32.7047
       4     -26.6914
       5     -26.7250
       6     -23.9165
       7     -19.3816
       8     -32.5449
       9     -24.6661
      10     -29.9421
      11     -27.0568
      12     -19.2649
      13     -19.4860
      14     -27.0525
      15     -30.0813
      16     -25.2527
      17     -24.1054
      18     -27.3730
      19     -33.5394
      20     -25.3672
      21     -30.6036
      22     -29.6770
      23     -32.8114
      24     -28.8511
      25     -35.6539
      26     -35.4076
      27     -21.4138
      28     -20.1919
      29     -36.2161
      30     -23.8061
      31     -20.4325
      32     -32.6563
      33     -30.4687
      34     -19.2457
      35     -20.8097
      36     -20.4979
      37     -38.0138
      38     -20.2773
      39     -29.2043
      40     -30.8737
      41     -28.6043
      42     -28.3414
      43     -31.4336
      44     -23.8797
      45     -22.1897
      46     -22.2651
      47     -29.5183
      48     -32.9411
      49     -22.3301
      50     -30.0272
      51     -17.3790
      52     -26.0493
      53     -33.8277
      54     -25.4921
      55     -21.1693
      56     -29.4260
      57     -34.8638
      58     -28.6850
      59     -21.2655
      60     -15.6771
      61     -31.8732
      62     -36.3225
      63     -26.2955
      64     -20.1160
      65     -17.1500
      66     -33.6791
      67     -26.8705
      68     -37.8113
      69     -26.3487
      70     -29.3635
      71     -32.0127
      72     -32.8077
      73     -37.0612
      74     -27.6496
      75     -38.2535
      76     -36.0600
      77     -37.4925
      78     -34.1634
      79     -32.0798
      80     -15.8517
      81     -34.2981
      82     -36.0246
      83     -30.2156
      84     -28.5519
      85     -37.0472
      86     -21.5067
      87     -34.0917
      88     -34.0421
      89     -29.3010
      90     -20.5625
      91     -37.6273
      92     -29.2857
      93     -30.7869
      94     -23.7996
      95     -28.9686
      96     -34.4622
      97     -33.5405
      98     -32.5746
      99     -20.3737
     100     -16.6700
     101     -24.0621
     102     -38.4623
     103     -30.1669
     104     -30.4672
     105     -19.3712
     106     -13.9118
     107      -7.8041
     108     -33.5260
     109     -28.6116
     110     -26.0132
     111     -33.2632
     112     -28.6559
     113     -25.4027
     114     -26.7914
     115     -22.4768
     116     -28.9716
     117     -34.3176
     118     -31.6040
     119     -36.4559
     120     -30.1302
     121     -28.2288
     122     -38.4728
     123     -31.4632
     124     -27.8983
     125     -33.1151
     126     -30.7205
     127     -38.6488
     128     -34.2229
     129     -26.4186
     130     -33.2861
     131     -31.4242
     132     -19.2655
     133     -31.4213
     134     -23.9389
     135     -25.9153
     136     -27.6353
     137     -20.7973
     138     -27.2793
     139     -36.7601
     140     -33.3147
     141     -32.6078
     142     -34.9045
     143     -31.6009
     144     -36.2179
     145     -37.2532
     146     -33.1142
     147     -29.3599
     148     -35.3631
     149     -38.1811
     150     -28.4873
     151     -34.5641
     152     -31.4031
     153     -30.5077
     154     -20.5586
     155     -31.7608
     156     -32.8841
     157     -33.4786
     158     -30.4434
     159     -26.3046
     160     -27.7286
     161     -32.9445
     162     -29.0787
     163     -35.2672
     164     -28.2313
     165     -40.0463
     166     -35.3734
     167     -33.4212
     168     -28.1401
     169     -39.8464
     170     -29.9028
     171     -33.2646
     172     -37.8867
     173     -30.6019
     174     -24.9404
     175     -27.9240
     176     -33.8240
     177     -32.3938
     178     -27.0139
     179     -33.1434
     180     -25.9713
     181     -24.6098
     182     -24.2431
     183     -20.3159
     184     -31.5822
     185     -28.2362
     186     -23.3162
     187     -28.0177
     188     -25.6329
     189     -17.7993
     190     -33.8673
     191     -30.3875
     192     -34.4006
     193     -33.8476
     194     -26.9513
     195     -25.4124
     196     -26.0098
     197     -22.6778
     198     -28.8826
     199     -27.7878
     200     -33.5506
