#Frame      Dih_00158
       1      34.9907
       2      45.6161
       3      41.6367
       4      33.2734
       5      40.4758
       6      32.5638
       7      28.1199
       8      37.3924
       9      35.5795
      10      36.6365
      11      32.3242
      12      31.3117
      13      30.9021
      14      34.6228
      15      36.5646
      16      33.0286
      17      34.0276
      18      37.7097
      19      42.1350
      20      31.5721
      21      32.2319
      22      37.4822
      23      40.3592
      24      33.0069
      25      38.1278
      26      42.5491
      27      35.7035
      28      31.5251
      29      44.6120
      30      32.6734
      31      28.9474
      32      40.3956
      33      34.2748
      34      27.7518
      35      28.9864
      36      27.1135
      37      40.6421
      38      30.7669
      39      35.1251
      40      31.7102
      41      31.0372
      42      35.1489
      43      37.6047
      44      30.8584
      45      36.3732
      46      32.0000
      47      36.8902
      48      39.1048
      49      37.8556
      50      38.7031
      51      29.8918
      52      38.3116
      53      36.3074
      54      30.5949
      55      34.3505
      56      38.2556
      57      39.9539
      58      42.2235
      59      34.1030
      60      28.6357
      61      38.6931
      62      38.1330
      63      35.3859
      64      27.4718
      65      28.9616
      66      40.9504
      67      37.4490
      68      47.7194
      69      39.2318
      70      36.7727
      71      40.8391
      72      47.6800
      73      48.0426
      74      38.8832
      75      46.0875
      76      40.7681
      77      38.4582
      78      44.6484
      79      44.5138
      80      36.5026
      81      36.8427
      82      44.1717
      83      35.0224
      84      39.4932
      85      45.7544
      86      30.7456
      87      35.7925
      88      40.5321
      89      40.2449
      90      31.8096
      91      41.7005
      92      35.6042
      93      36.5071
      94      38.4255
      95      37.7639
      96      39.2526
      97      39.5721
      98      40.5309
      99      29.8632
     100      29.8916
     101      36.3260
     102      42.5377
     103      46.1061
     104      40.4564
     105      34.7448
     106      28.3975
     107      17.5231
     108      37.4655
     109      39.4126
     110      40.6956
     111      38.7909
     112      34.8574
     113      36.0627
     114      37.0030
     115      33.5049
     116      40.3508
     117      44.9044
     118      40.5922
     119      43.8255
     120      40.7540
     121      38.4515
     122      40.7183
     123      40.3783
     124      41.4241
     125      38.7574
     126      36.5773
     127      40.1631
     128      41.9063
     129      44.1785
     130      42.6280
     131      38.9363
     132      34.4172
     133      35.7636
     134      35.8789
     135      40.4926
     136      36.4241
     137      25.9796
     138      38.9801
     139      42.6685
     140      48.6325
     141      40.8644
     142      37.0095
     143      37.6263
     144      47.8968
     145      44.7265
     146      42.0650
     147      46.4398
     148      48.8245
     149      43.5192
     150      37.5406
     151      51.6911
     152      38.2595
     153      35.8668
     154      33.1007
     155      43.8693
     156      39.7943
     157      40.4548
     158      40.4222
     159      38.8969
     160      32.2498
     161      38.6417
     162      39.0178
     163      39.8232
     164      32.8866
     165      47.2644
     166      41.5129
     167      38.6818
     168      38.4167
     169      46.0490
     170      39.9173
     171      37.6293
     172      41.1324
     173      38.8521
     174      35.0112
     175      32.7505
     176      43.8756
     177      45.8666
     178      30.8928
     179      34.8043
     180      39.1880
     181      39.4338
     182      28.1233
     183      23.0529
     184      35.5310
     185      34.9815
     186      38.8066
     187      36.0803
     188      32.1861
     189      25.0288
     190      42.8766
     191      34.7488
     192      37.7064
     193      36.3951
     194      32.7287
     195      33.2048
     196      33.8288
     197      30.3788
     198      38.8827
     199      38.4794
     200      40.7858
