#Frame      Dih_00164
       1     -39.2934
       2     -49.5797
       3     -36.8661
       4     -41.3906
       5     -36.9120
       6     -34.5850
       7     -38.3886
       8     -40.0097
       9     -45.8275
      10     -33.0161
      11     -35.9448
      12     -37.5114
      13     -33.5885
      14     -42.1718
      15     -44.6693
      16     -37.3891
      17     -33.6678
      18     -26.3547
      19     -24.7982
      20     -41.0284
      21     -32.3152
      22     -28.9123
      23     -43.1236
      24     -35.1405
      25     -33.1491
      26     -43.4451
      27     -42.3741
      28     -26.9559
      29     -29.2133
      30     -32.3458
      31     -43.7761
      32     -41.2806
      33     -23.4967
      34     -33.2470
      35     -36.9341
      36     -36.3250
      37     -39.4463
      38     -37.4306
      39     -29.5383
      40     -39.6000
      41     -39.3723
      42     -39.5717
      43     -41.9023
      44     -39.6931
      45     -40.2408
      46     -33.4964
      47     -36.0576
      48     -32.0353
      49     -37.0455
      50     -37.0294
      51     -37.1597
      52     -37.8271
      53     -45.2838
      54     -37.7552
      55     -43.4546
      56     -39.3885
      57     -33.7123
      58     -36.7870
      59     -32.0000
      60     -32.6913
      61     -40.3396
      62     -42.9291
      63     -36.8167
      64     -35.1571
      65     -32.5022
      66     -30.9282
      67     -33.0858
      68     -45.1613
      69     -28.3299
      70     -29.1237
      71     -33.3094
      72     -41.8238
      73     -24.4555
      74     -30.0380
      75     -30.7952
      76     -20.5673
      77     -41.5703
      78     -30.1915
      79     -36.7855
      80     -42.3758
      81     -33.3170
      82     -31.8563
      83     -39.9368
      84     -43.0407
      85     -39.4681
      86     -36.4679
      87     -37.4353
      88     -30.3078
      89     -37.9190
      90     -41.1684
      91     -35.5590
      92     -44.0254
      93     -41.1126
      94     -37.6373
      95     -35.9927
      96     -37.9886
      97     -34.4484
      98     -37.4368
      99     -36.2456
     100     -41.6677
     101     -41.2216
     102     -42.5413
     103     -35.1055
     104     -37.5921
     105     -40.2660
     106     -36.9598
     107     -43.4246
     108     -38.9786
     109     -29.7896
     110     -32.1042
     111     -27.3824
     112     -45.7034
     113     -45.8173
     114     -47.3206
     115     -45.8083
     116     -40.2468
     117     -43.4781
     118     -34.9466
     119     -40.4601
     120     -35.7408
     121     -38.3121
     122     -41.1648
     123     -31.8250
     124     -42.1406
     125     -41.7627
     126     -35.8451
     127     -41.7180
     128     -34.7479
     129     -32.3394
     130     -39.6660
     131     -28.1219
     132     -28.7365
     133     -32.8137
     134     -35.2785
     135     -42.9464
     136     -33.8193
     137     -31.6574
     138     -32.4314
     139     -33.8861
     140     -34.8602
     141     -40.1039
     142     -39.7361
     143     -28.2204
     144     -40.8585
     145     -38.1002
     146     -44.3844
     147     -38.4550
     148     -42.3364
     149     -48.6755
     150     -34.6157
     151     -46.3232
     152     -42.7068
     153     -46.5982
     154     -49.5643
     155     -42.6847
     156     -37.4384
     157     -40.1183
     158     -42.1573
     159     -49.6502
     160     -46.2839
     161     -47.1281
     162     -40.8496
     163     -44.1900
     164     -35.4343
     165     -34.3906
     166     -34.9572
     167     -46.2697
     168     -34.6965
     169     -48.3813
     170     -47.9526
     171     -39.0575
     172     -59.8007
     173     -41.7965
     174     -49.8258
     175     -50.1806
     176     -37.7977
     177     -38.6056
     178     -39.1742
     179     -37.8536
     180     -32.9964
     181     -39.2542
     182     -38.0785
     183     -46.0874
     184     -36.6159
     185     -42.4880
     186     -38.3704
     187     -42.6471
     188     -42.7097
     189     -40.1569
     190     -35.7840
     191     -48.4942
     192     -38.6863
     193     -29.9919
     194     -31.3436
     195     -40.0233
     196     -31.2937
     197     -31.0768
     198     -36.3959
     199     -38.6075
     200     -35.1702
