#Frame      Dih_00162
       1     -25.1650
       2     -35.2176
       3     -28.9559
       4     -20.0977
       5     -31.0171
       6     -23.2000
       7     -27.3829
       8     -24.9728
       9     -22.2471
      10     -10.5503
      11      -8.6292
      12     -19.4607
      13     -22.0805
      14     -29.0286
      15     -23.9771
      16     -19.3055
      17      -9.1656
      18     -22.1446
      19     -27.5205
      20     -30.6068
      21     -23.3173
      22     -24.4645
      23     -18.7724
      24     -26.2917
      25     -25.4915
      26     -19.4412
      27      -5.8502
      28      -3.1932
      29      -1.7345
      30     -24.7633
      31      -3.6934
      32      -6.1051
      33     -13.3683
      34     -25.8321
      35     -19.3566
      36     -20.2524
      37     -18.7912
      38     -11.2880
      39     -20.0452
      40     -11.1754
      41     -14.8347
      42      -8.6744
      43     -22.4324
      44     -25.1350
      45     -13.7260
      46     -14.4750
      47     -19.4716
      48     -23.4611
      49     -30.6374
      50     -23.2578
      51     -20.3923
      52     -29.9520
      53     -25.5436
      54     -22.6706
      55     -25.3520
      56     -23.4904
      57     -17.0778
      58     -13.6230
      59     -19.6385
      60     -31.4066
      61     -24.9435
      62     -27.3688
      63     -18.3392
      64      -8.4578
      65     -12.0710
      66     -18.7083
      67     -20.7673
      68     -29.4383
      69     -30.1895
      70     -18.5310
      71     -32.2593
      72     -28.9786
      73     -26.9238
      74     -26.6552
      75     -20.2422
      76     -28.0065
      77     -24.7138
      78     -18.6944
      79     -22.9222
      80     -29.8073
      81     -24.1895
      82     -19.3208
      83     -22.2231
      84     -28.4406
      85     -24.5307
      86     -20.5971
      87     -17.0492
      88     -22.8798
      89     -23.3956
      90     -33.6462
      91     -26.5633
      92     -27.7436
      93     -23.4960
      94     -29.1077
      95     -32.6760
      96     -37.7657
      97     -31.4722
      98     -30.6656
      99     -29.1052
     100     -23.4461
     101     -34.6084
     102     -20.3572
     103     -18.8263
     104     -28.8244
     105     -35.7392
     106     -30.5808
     107     -11.8209
     108     -11.7591
     109     -25.2854
     110     -19.8907
     111     -23.5059
     112     -19.5590
     113     -20.1484
     114     -22.5733
     115     -25.1206
     116     -26.4530
     117     -19.2956
     118     -31.1373
     119     -19.3109
     120     -30.6042
     121     -27.5787
     122     -32.9621
     123     -22.0641
     124     -20.6835
     125     -18.7518
     126     -22.6694
     127     -18.4897
     128     -18.6601
     129     -18.7765
     130     -22.0642
     131     -22.6284
     132      -8.6675
     133     -10.6560
     134     -22.1953
     135     -14.5313
     136     -16.1566
     137     -12.4123
     138     -13.6232
     139     -11.9626
     140     -16.1069
     141     -16.3219
     142     -14.8967
     143     -12.6693
     144     -27.0798
     145     -14.6180
     146     -27.1339
     147      -9.8528
     148     -16.5352
     149     -33.8086
     150     -28.0377
     151     -28.4213
     152     -27.5236
     153     -22.7604
     154     -22.0424
     155     -21.6051
     156     -18.1779
     157     -23.4812
     158     -22.6947
     159     -18.8867
     160     -21.9868
     161     -17.5130
     162     -13.7022
     163     -10.0176
     164     -14.0945
     165     -17.1102
     166     -13.3998
     167     -11.4448
     168     -24.4188
     169     -26.4070
     170     -24.7900
     171     -13.3940
     172     -10.7835
     173     -21.7998
     174      -2.8362
     175      -7.9435
     176     -11.5183
     177     -15.9188
     178      -7.6261
     179       1.5470
     180      -6.9601
     181      -8.8011
     182      -9.6697
     183     -15.8506
     184     -23.5041
     185     -19.3792
     186      -7.1724
     187      -4.3599
     188       1.9368
     189      -9.7720
     190      -8.4524
     191     -11.1777
     192       0.2861
     193       1.0406
     194      -3.9206
     195     -11.0881
     196      -3.4695
     197       1.3492
     198      -3.5113
     199      -2.5978
     200      -8.0701
