#Frame      Dih_00161
       1       0.9188
       2       6.7841
       3       5.3602
       4      -5.9730
       5       8.8840
       6       2.0732
       7       4.8561
       8      -0.7040
       9      -8.5179
      10     -10.7849
      11     -13.3350
      12      -3.0858
      13       1.7899
      14       3.7984
      15      -3.4175
      16      -4.5702
      17     -11.8880
      18       5.0665
      19      11.4599
      20       5.1353
      21       2.1217
      22       6.5406
      23      -7.9710
      24       5.6836
      25       4.2849
      26      -6.6530
      27     -21.0649
      28     -12.8171
      29     -16.5482
      30       5.8144
      31     -25.9517
      32     -19.4043
      33      -3.6376
      34       5.9446
      35      -4.5008
      36      -2.3002
      37      -4.9909
      38     -12.1844
      39       1.9527
      40     -15.0613
      41      -8.2044
      42     -16.8859
      43      -4.5868
      44       1.3188
      45     -12.2068
      46      -6.3345
      47      -3.4414
      48       4.2602
      49       8.3774
      50       0.2345
      51      -3.0585
      52       7.3209
      53      -3.8472
      54      -1.7082
      55      -1.4172
      56      -0.8376
      57      -4.5877
      58     -10.4648
      59       0.1285
      60      10.9877
      61      -0.9572
      62      -1.8172
      63      -5.9338
      64     -14.1484
      65     -10.4712
      66      -0.4655
      67       0.3939
      68       2.2636
      69      13.8490
      70      -1.0692
      71      12.9173
      72       2.4273
      73      10.2119
      74       7.9692
      75       1.1545
      76      13.5067
      77      -0.1656
      78      -0.0218
      79      -0.1371
      80       4.2251
      81       3.3602
      82      -0.4229
      83      -5.2521
      84       3.1819
      85       1.1098
      86      -3.8367
      87      -5.9317
      88       4.6524
      89      -0.8542
      90       7.5118
      91       4.7881
      92       0.1196
      93      -3.0861
      94       4.7787
      95       9.6443
      96      13.3806
      97      11.7147
      98       5.7325
      99       5.7334
     100      -0.9898
     101       8.9438
     102      -6.6450
     103      -3.6389
     104       5.3001
     105       9.8452
     106       7.0360
     107     -17.3960
     108     -13.0361
     109       6.7003
     110       0.7799
     111       5.7117
     112      -8.0546
     113      -7.7320
     114      -7.2559
     115      -2.4703
     116      -0.0033
     117      -8.2327
     118       8.7474
     119      -7.0750
     120       7.1053
     121       4.6855
     122       7.2915
     123       1.5800
     124      -5.2138
     125      -5.9927
     126      -0.2853
     127      -7.6366
     128      -3.9226
     129      -1.8932
     130      -2.3882
     131       4.0601
     132      -8.0479
     133     -11.1679
     134      -0.5434
     135     -11.7893
     136      -5.2370
     137      -7.9503
     138      -6.8263
     139      -8.7497
     140      -7.0441
     141      -9.1743
     142     -10.9979
     143      -5.2974
     144      -0.8186
     145      -9.7067
     146      -0.0551
     147     -16.0040
     148     -10.6136
     149       4.3698
     150       9.0328
     151      -0.7537
     152       1.2757
     153      -7.8081
     154      -8.6408
     155      -5.0694
     156      -6.0059
     157      -1.7214
     158      -2.2045
     159     -13.2026
     160      -7.1441
     161     -12.1504
     162     -13.8116
     163     -18.1578
     164      -6.0237
     165      -5.1383
     166     -10.6051
     167     -18.2086
     168       3.0687
     169      -6.0725
     170      -3.3636
     171     -11.9497
     172     -27.7799
     173      -5.1366
     174     -28.6860
     175     -22.7364
     176     -13.0003
     177      -8.5807
     178     -15.8946
     179     -27.4987
     180     -13.7583
     181     -18.9042
     182     -13.4770
     183     -14.5337
     184       1.1400
     185      -7.8109
     186     -17.1188
     187     -23.4757
     188     -29.3598
     189     -17.6921
     190     -13.3140
     191     -19.5657
     192     -26.1835
     193     -19.9629
     194     -15.8717
     195     -13.9977
     196     -17.9961
     197     -21.1054
     198     -19.1673
     199     -24.4905
     200     -13.2983
