#Frame      Dih_00163
       1      38.2569
       2      48.8174
       3      38.0647
       4      35.2333
       5      39.1998
       6      33.5996
       7      38.8322
       8      39.4020
       9      42.0916
      10      26.3398
      11      25.1184
      12      32.0257
      13      32.5796
      14      43.3608
      15      39.2381
      16      33.5105
      17      24.7034
      18      27.9574
      19      29.6362
      20      41.7257
      21      31.7911
      22      30.3372
      23      36.2273
      24      37.3790
      25      35.1008
      26      36.6706
      27      26.9404
      28      17.6714
      29      17.1065
      30      32.3439
      31      27.7899
      32      27.1116
      33      22.5587
      34      35.1869
      35      34.4082
      36      33.9138
      37      33.3478
      38      28.6391
      39      31.0711
      40      30.7858
      41      29.8521
      42      27.9338
      43      39.1125
      44      37.1177
      45      31.8125
      46      27.1541
      47      34.0171
      48      31.4417
      49      38.4886
      50      38.3764
      51      33.2667
      52      40.2514
      53      43.2565
      54      35.2192
      55      40.0189
      56      37.3245
      57      29.1028
      58      29.4899
      59      31.4511
      60      38.0183
      61      38.4488
      62      42.6595
      63      33.0533
      64      25.3433
      65      27.1066
      66      27.9044
      67      31.3510
      68      44.3818
      69      34.3957
      70      27.5464
      71      36.9629
      72      41.6304
      73      31.8938
      74      34.3402
      75      28.4508
      76      28.9483
      77      39.4936
      78      28.6600
      79      34.6506
      80      42.7894
      81      32.3964
      82      30.6676
      83      38.5949
      84      42.5022
      85      39.0587
      86      34.5790
      87      31.4293
      88      30.5210
      89      38.1109
      90      44.9880
      91      35.2736
      92      41.2694
      93      39.2028
      94      40.4712
      95      41.6331
      96      45.7055
      97      39.9921
      98      39.1657
      99      38.7293
     100      39.2871
     101      43.1802
     102      36.8047
     103      32.0979
     104      40.1176
     105      43.8308
     106      40.5618
     107      32.5773
     108      28.9822
     109      32.9553
     110      31.0754
     111      30.7345
     112      36.1196
     113      39.9757
     114      40.6944
     115      40.3309
     116      39.0716
     117      35.7704
     118      39.8418
     119      35.4530
     120      37.6664
     121      37.0995
     122      43.7530
     123      31.0062
     124      35.9216
     125      35.8723
     126      32.6659
     127      36.5031
     128      31.8575
     129      29.9847
     130      33.2748
     131      28.9460
     132      22.0126
     133      24.8028
     134      33.0634
     135      32.1837
     136      29.0025
     137      25.5091
     138      28.1942
     139      26.1525
     140      31.0660
     141      34.5029
     142      32.5723
     143      23.6743
     144      41.1747
     145      31.1539
     146      40.6513
     147      28.8430
     148      35.5824
     149      50.3857
     150      36.3511
     151      41.8845
     152      40.5256
     153      43.3257
     154      41.0160
     155      37.9473
     156      33.3125
     157      35.3276
     158      37.1377
     159      40.9365
     160      39.0471
     161      36.7321
     162      34.1332
     163      31.3461
     164      27.7014
     165      30.0783
     166      31.7474
     167      33.6744
     168      35.5392
     169      44.4424
     170      42.1205
     171      30.9152
     172      40.6539
     173      38.9872
     174      30.8345
     175      34.0972
     176      30.4592
     177      32.1316
     178      26.1850
     179      22.9067
     180      23.1907
     181      29.1814
     182      26.9508
     183      37.5310
     184      34.4096
     185      36.8015
     186      26.4930
     187      26.4789
     188      24.2557
     189      30.5631
     190      26.4305
     191      32.9964
     192      23.2141
     193      17.2033
     194      20.3811
     195      29.9899
     196      20.5076
     197      17.2686
     198      23.0158
     199      25.4011
     200      23.8622
