#Frame      Dih_00165
       1      24.5844
       2      26.4355
       3      20.3150
       4      30.6894
       5      18.0723
       6      21.3264
       7      21.3772
       8      26.5025
       9      36.2551
      10      27.9462
      11      29.8711
      12      24.9346
      13      19.6845
      14      23.7096
      15      31.1731
      16      28.0610
      17      28.1427
      18      13.8792
      19       8.5145
      20      22.5882
      21      19.6713
      22      14.7738
      23      30.8474
      24      18.6843
      25      18.1003
      26      30.0826
      27      41.9051
      28      24.7654
      29      28.4728
      30      16.5451
      31      44.1743
      32      39.8713
      33      18.2669
      34      18.2384
      35      27.0981
      36      25.2159
      37      27.1368
      38      29.7176
      39      17.2821
      40      33.6719
      41      29.7318
      42      36.3331
      43      31.0369
      44      23.3837
      45      34.1783
      46      25.8666
      47      24.9901
      48      17.4204
      49      17.9844
      50      23.4613
      51      24.5366
      52      18.9840
      53      31.8864
      54      25.9682
      55      28.1694
      56      26.6148
      57      24.6862
      58      31.1090
      59      20.2575
      60      13.9483
      61      28.5149
      62      29.1007
      63      28.6112
      64      31.9978
      65      27.9080
      66      20.9899
      67      20.3584
      68      26.8179
      69       9.7309
      70      20.5725
      71      12.8895
      72      25.3039
      73       9.6761
      74      14.4939
      75      19.5885
      76       4.9182
      77      26.2874
      78      18.1226
      79      24.4805
      80      23.5393
      81      18.6514
      82      20.3549
      83      29.8847
      84      24.0952
      85      23.6844
      86      27.0689
      87      28.7511
      88      15.9963
      89      24.4186
      90      22.2820
      91      19.4907
      92      28.6518
      93      28.6963
      94      21.9180
      95      17.1350
      96      15.0362
      97      14.9167
      98      20.5489
      99      19.0132
     100      26.8175
     101      20.0153
     102      31.6740
     103      25.6606
     104      20.2115
     105      20.4493
     106      19.5750
     107      38.8252
     108      32.3142
     109      14.4376
     110      20.5485
     111      14.1429
     112      33.8907
     113      33.3815
     114      34.3828
     115      30.3134
     116      26.4963
     117      33.7002
     118      16.2500
     119      31.5587
     120      18.4729
     121      20.7849
     122      22.0559
     123      19.4429
     124      30.6761
     125      29.1819
     126      23.8431
     127      31.2806
     128      25.0770
     129      21.9449
     130      28.2748
     131      15.6571
     132      22.1407
     133      28.2402
     134      23.4056
     135      35.5194
     136      24.1588
     137      26.7211
     138      23.8065
     139      27.5094
     140      27.6706
     141      31.5578
     142      31.5992
     143      21.2131
     144      27.9383
     145      28.0836
     146      27.8716
     147      36.9178
     148      34.2198
     149      28.3577
     150      15.7366
     151      28.9167
     152      27.0769
     153      34.2472
     154      35.5240
     155      30.9617
     156      29.4219
     157      26.8069
     158      28.2017
     159      39.6297
     160      35.4319
     161      38.2225
     162      35.3195
     163      38.2329
     164      24.4283
     165      26.8361
     166      28.9010
     167      40.4354
     168      20.5632
     169      35.1122
     170      31.0109
     171      31.8165
     172      55.5513
     173      29.9067
     174      51.7906
     175      44.1347
     176      33.3601
     177      29.0630
     178      33.6114
     179      42.3911
     180      29.8333
     181      36.9937
     182      33.5484
     183      37.5856
     184      23.2303
     185      31.3121
     186      35.5690
     187      43.7829
     188      44.8074
     189      37.6529
     190      29.4839
     191      42.9571
     192      39.3389
     193      30.5631
     194      30.9688
     195      34.7749
     196      30.9115
     197      35.4981
     198      35.7845
     199      41.5836
     200      30.0863
