#Frame      Dih_00169
       1     -36.0136
       2     -28.7271
       3     -32.6373
       4     -31.9565
       5     -22.7354
       6     -22.0847
       7     -14.0338
       8     -32.0839
       9     -34.9881
      10     -19.4895
      11     -49.1598
      12     -18.5108
      13     -16.0667
      14     -43.0782
      15     -38.0818
      16     -38.9369
      17     -38.3372
      18     -29.9065
      19     -41.1625
      20     -34.0937
      21     -37.9851
      22     -46.6394
      23     -37.9259
      24     -36.9840
      25      -0.0398
      26     -29.4235
      27     -31.0325
      28     -43.9825
      29     -30.7382
      30     -31.4313
      31     -36.2588
      32     -34.0363
      33     -35.2832
      34     -34.0469
      35     -21.8002
      36     -20.6144
      37     -36.6641
      38     -29.8218
      39     -30.3939
      40     -27.1365
      41     -23.0453
      42     -27.8377
      43     -24.0195
      44     -28.1461
      45     -36.4100
      46     -33.3661
      47     -27.4871
      48     -39.6555
      49     -32.6710
      50     -35.6730
      51     -35.3967
      52     -29.2965
      53     -31.5210
      54     -27.6998
      55     -34.7840
      56     -37.2881
      57     -40.7749
      58     -42.2693
      59     -31.9973
      60     -36.0851
      61     -35.3702
      62     -30.2125
      63     -34.4496
      64     -21.8512
      65     -23.2772
      66     -23.2181
      67     -23.2378
      68     -18.7404
      69     -27.1247
      70     -32.7024
      71     -42.6288
      72     -37.9566
      73     -29.0528
      74     -27.3374
      75     -29.7944
      76     -36.8555
      77     -36.5455
      78     -29.4976
      79     -33.0284
      80     -23.0885
      81     -28.8446
      82     -25.8380
      83     -25.4495
      84     -35.6912
      85     -35.8321
      86     -35.3476
      87     -44.6505
      88     -34.3193
      89     -26.0129
      90     -38.5651
      91     -43.1417
      92     -32.9275
      93     -24.5895
      94     -36.4475
      95     -28.5216
      96     -42.8383
      97     -28.9926
      98     -32.3839
      99     -31.8572
     100     -32.5288
     101     -29.1308
     102     -32.8204
     103     -21.2979
     104     -27.9449
     105     -21.8270
     106     -31.3328
     107     -37.2309
     108     -29.6227
     109     -37.9240
     110     -33.2688
     111     -30.2006
     112     -23.7645
     113     -34.0905
     114     -17.7569
     115     -27.0011
     116     -10.9748
     117     -12.4555
     118     -12.3433
     119      -7.0813
     120       1.7964
     121     -10.1849
     122      -1.2674
     123     -20.6710
     124     -25.9628
     125     -28.1349
     126     -42.2220
     127     -28.1566
     128     -20.2148
     129     -22.9377
     130     -20.9651
     131     -27.2774
     132     -25.4002
     133     -36.7143
     134     -45.0252
     135     -30.4160
     136     -35.5569
     137     -49.3886
     138     -22.5403
     139     -42.6279
     140     -31.7815
     141     -44.6770
     142     -38.8776
     143     -37.8111
     144     -43.2495
     145     -29.3857
     146     -25.0572
     147     -20.5189
     148     -29.5549
     149     -25.6027
     150     -26.7327
     151     -26.4953
     152     -25.8406
     153     -22.9191
     154     -27.8718
     155     -18.8463
     156     -32.6976
     157     -28.7035
     158     -35.0799
     159     -24.6743
     160     -31.2108
     161     -38.8753
     162     -24.0377
     163     -34.0149
     164     -32.2649
     165     -32.1831
     166     -29.0558
     167     -33.1505
     168     -21.2114
     169     -35.3759
     170     -31.7427
     171     -33.1966
     172     -37.8453
     173     -33.4136
     174     -25.7027
     175     -28.3707
     176     -34.6886
     177     -34.6374
     178     -44.6824
     179     -29.3029
     180     -31.7944
     181     -24.6318
     182     -33.6324
     183     -29.6758
     184     -23.4289
     185     -40.7893
     186     -40.1832
     187     -44.4919
     188     -36.7596
     189     -33.2741
     190     -32.9644
     191     -27.7491
     192     -25.3630
     193     -34.0556
     194     -40.1295
     195     -36.6658
     196     -38.9841
     197     -39.1121
     198     -28.1441
     199     -25.6715
     200     -33.4328
