#Frame      Dih_00168
       1      36.7734
       2      23.5711
       3      27.6241
       4      35.5473
       5      24.6827
       6      26.5537
       7      15.8380
       8      30.3021
       9      25.6368
      10      23.7565
      11      39.6780
      12      21.3526
      13      19.5436
      14      27.8677
      15      36.7572
      16      36.5439
      17      27.5283
      18      28.7696
      19      46.9334
      20      31.9207
      21      27.3205
      22      42.9992
      23      35.2453
      24      21.9642
      25       3.8738
      26      28.4468
      27      23.7922
      28      37.0522
      29      34.7813
      30      32.0552
      31      39.6799
      32      37.9582
      33      38.2079
      34      33.9340
      35      25.2995
      36      30.7282
      37      31.4625
      38      34.5919
      39      28.4197
      40      33.2190
      41      26.2083
      42      28.5654
      43      25.1600
      44      31.1753
      45      30.3021
      46      31.3481
      47      35.3227
      48      35.8885
      49      33.5472
      50      41.8048
      51      33.5765
      52      33.4082
      53      30.8532
      54      27.8798
      55      33.2413
      56      35.4436
      57      40.9802
      58      44.5923
      59      34.6280
      60      31.7440
      61      36.8260
      62      24.3932
      63      31.9220
      64      26.1503
      65      28.1738
      66      30.1896
      67      20.7579
      68      18.2484
      69      32.6863
      70      37.7951
      71      34.6208
      72      31.9807
      73      38.2029
      74      26.1136
      75      20.3939
      76      34.2322
      77      42.5339
      78      36.1047
      79      36.9536
      80      28.4735
      81      31.3675
      82      29.4910
      83      26.0618
      84      42.4951
      85      36.2637
      86      34.2353
      87      44.6112
      88      33.8773
      89      27.0412
      90      41.8896
      91      38.0293
      92      29.2897
      93      28.7213
      94      34.6457
      95      32.5617
      96      37.2879
      97      25.4189
      98      29.6861
      99      33.5410
     100      34.4137
     101      25.3948
     102      28.5129
     103      25.4057
     104      29.4132
     105      29.3806
     106      33.6158
     107      35.0077
     108      32.7373
     109      40.2313
     110      31.3875
     111      25.5945
     112      25.9401
     113      33.6361
     114      25.2715
     115      18.4127
     116      11.9497
     117      10.3466
     118      12.6133
     119       3.1253
     120      -2.8848
     121      -0.4931
     122       4.8817
     123      16.1930
     124      28.2016
     125      30.5824
     126      35.6027
     127      23.9417
     128      22.4525
     129      22.8801
     130      29.4400
     131      34.2908
     132      29.8189
     133      34.6456
     134      45.2965
     135      35.7059
     136      33.6150
     137      39.7409
     138      29.9316
     139      42.9790
     140      33.3218
     141      36.4993
     142      37.3793
     143      33.8665
     144      35.1303
     145      32.2752
     146      28.6922
     147      28.6264
     148      29.7488
     149      29.0204
     150      26.9781
     151      21.5625
     152      27.7814
     153      29.4747
     154      25.4958
     155      17.8569
     156      29.6076
     157      31.0902
     158      32.8684
     159      19.8178
     160      33.1804
     161      35.2104
     162      17.6228
     163      31.1042
     164      34.3179
     165      38.1924
     166      32.1603
     167      29.5968
     168      25.8669
     169      35.3251
     170      29.9300
     171      38.6352
     172      37.6808
     173      35.6993
     174      30.9547
     175      34.9542
     176      39.6520
     177      38.7920
     178      41.8311
     179      38.0839
     180      27.7493
     181      26.7813
     182      22.9133
     183      24.4027
     184      31.7282
     185      39.6471
     186      39.6986
     187      46.6979
     188      37.7838
     189      29.3094
     190      31.1947
     191      30.0286
     192      27.9535
     193      24.4475
     194      39.8960
     195      37.9579
     196      38.1564
     197      29.9818
     198      25.9124
     199      21.5082
     200      26.4664
