#Frame      Dih_00166
       1       9.3065
       2      -8.6679
       3      -3.9447
       4      12.3351
       5       3.8578
       6       9.0328
       7       3.7103
       8       3.9678
       9     -11.4164
      10       5.7671
      11      -7.0841
      12       8.6302
      13       6.5261
      14     -18.1028
      15      -1.1108
      16      -2.2001
      17      -8.7359
      18      -2.9126
      19      13.9915
      20       1.5041
      21     -14.4026
      22      -0.7623
      23      -2.6100
      24     -19.6868
      25       6.7598
      26      -0.5703
      27     -11.4428
      28      -7.9481
      29      10.8794
      30       0.7157
      31       8.6485
      32       5.7912
      33       4.7392
      34       0.9161
      35       7.7959
      36      17.9682
      37      -9.1791
      38      10.4461
      39      -0.7066
      40      14.5106
      41       7.7950
      42       3.8785
      43       4.8889
      44       4.9537
      45      -4.0489
      46      -0.0536
      47      17.5430
      48       0.1574
      49       4.5343
      50      15.1835
      51       0.3995
      52       7.5821
      53       3.1503
      54       4.2817
      55       2.1253
      56      -1.2495
      57      -0.1824
      58       9.1258
      59       5.3510
      60      -5.6481
      61       5.1938
      62      -8.1471
      63      -2.1724
      64       7.7687
      65      10.0581
      66      11.8798
      67      -0.5810
      68      -2.4429
      69      13.0601
      70       7.5747
      71      -8.3034
      72      -8.2934
      73      15.5094
      74       2.8503
      75     -13.6761
      76      -5.2096
      77      13.1322
      78      15.3715
      79      10.0212
      80       9.1082
      81       2.2685
      82       9.1628
      83       3.2475
      84      14.1976
      85       6.6166
      86       2.0657
      87       0.9062
      88       4.5289
      89       2.8631
      90      11.1164
      91      -5.7331
      92      -4.5238
      93       8.2195
      94       1.1888
      95      10.6524
      96      -0.6960
      97      -4.3200
      98      -0.1852
      99       6.1077
     100       5.3707
     101      -3.3466
     102      -2.3323
     103       9.0719
     104       4.7789
     105      15.9124
     106       5.5486
     107      -2.3378
     108       8.6828
     109       5.3856
     110      -0.8413
     111      -6.6659
     112       6.6339
     113       3.4058
     114      13.4129
     115     -11.7742
     116       2.8362
     117      -3.2153
     118       1.6538
     119      -6.6994
     120      -2.1866
     121     -17.3650
     122       6.9393
     123      -8.1522
     124       8.4230
     125       3.3391
     126      -6.4264
     127      -7.0423
     128       5.1001
     129       3.8674
     130      17.3951
     131      12.7773
     132      11.6066
     133      -3.2524
     134       1.6791
     135      12.2439
     136       3.9833
     137     -17.0760
     138      16.0044
     139       5.4047
     140       9.4805
     141      -8.7176
     142       3.0770
     143      -2.8754
     144      -6.1973
     145       5.6668
     146       6.5940
     147      17.1796
     148       2.3957
     149       6.0257
     150       4.8538
     151      -6.2513
     152       6.3190
     153      11.6565
     154       0.2447
     155      -0.1317
     156      -4.5893
     157       7.6092
     158      -2.5874
     159      -6.6500
     160       8.1811
     161      -6.1843
     162     -10.5024
     163       0.5900
     164       6.7589
     165       9.8282
     166       7.0712
     167      -0.7936
     168      10.5903
     169       1.9191
     170       0.9741
     171      11.2532
     172       3.0622
     173       5.5027
     174      12.9815
     175      15.3828
     176      12.1732
     177      10.8771
     178      -3.3312
     179      19.4609
     180      -7.8816
     181       6.3871
     182     -13.0843
     183      -8.4153
     184      14.5635
     185       0.9146
     186       2.5485
     187       6.3816
     188       3.3074
     189      -1.3132
     190       1.8169
     191       6.8997
     192       5.1809
     193     -12.8336
     194       6.4343
     195       4.0548
     196      -1.3662
     197      -7.8139
     198      -1.5401
     199      -5.1071
     200      -6.0865
