#Frame      Dih_00167
       1     -31.6522
       2      -9.7940
       3     -16.1836
       4     -31.3352
       5     -17.3328
       6     -23.2107
       7     -12.4096
       8     -22.3236
       9     -10.8303
      10     -18.3094
      11     -23.3410
      12     -18.5777
      13     -16.4663
      14      -8.5174
      15     -23.3782
      16     -20.8454
      17     -13.7428
      18     -16.2976
      19     -39.3013
      20     -22.2420
      21      -9.5732
      22     -27.4809
      23     -21.6075
      24      -2.9667
      25      -6.6493
      26     -18.4124
      27      -9.6642
      28     -19.3855
      29     -29.3081
      30     -20.4609
      31     -30.9031
      32     -28.8608
      33     -29.4655
      34     -22.2707
      35     -20.9259
      36     -29.1523
      37     -15.0855
      38     -30.3828
      39     -18.4615
      40     -29.5033
      41     -20.9399
      42     -21.5275
      43     -20.8806
      44     -23.0187
      45     -18.8396
      46     -20.8295
      47     -31.7023
      48     -23.1722
      49     -24.8385
      50     -35.7549
      51     -22.1501
      52     -26.3808
      53     -22.5228
      54     -21.1963
      55     -23.4224
      56     -22.8068
      57     -26.5860
      58     -35.0772
      59     -24.3106
      60     -16.7780
      61     -27.3349
      62     -11.7339
      63     -19.8698
      64     -22.0433
      65     -24.4086
      66     -26.0849
      67     -12.8436
      68     -10.5535
      69     -28.0138
      70     -28.6579
      71     -18.3419
      72     -16.3811
      73     -32.7367
      74     -19.8856
      75      -5.6509
      76     -17.2014
      77     -36.5207
      78     -31.4458
      79     -29.1898
      80     -24.2309
      81     -21.8169
      82     -25.0002
      83     -18.8735
      84     -35.2127
      85     -28.0984
      86     -23.5670
      87     -28.0089
      88     -24.5668
      89     -19.3803
      90     -35.5000
      91     -21.3344
      92     -16.1254
      93     -23.1893
      94     -23.7075
      95     -27.9974
      96     -24.1218
      97     -14.7869
      98     -19.4435
      99     -26.5169
     100     -24.3605
     101     -14.9043
     102     -17.1820
     103     -22.2203
     104     -21.6248
     105     -27.7284
     106     -24.9761
     107     -21.9519
     108     -27.9090
     109     -29.5318
     110     -18.8828
     111     -12.0798
     112     -21.5645
     113     -24.0924
     114     -24.8805
     115      -5.0827
     116      -9.6719
     117      -4.6114
     118      -9.2425
     119       1.8487
     120       3.1791
     121      10.2774
     122      -7.1272
     123      -6.2147
     124     -23.4227
     125     -21.9026
     126     -20.5235
     127     -11.4550
     128     -16.7926
     129     -17.9412
     130     -30.0547
     131     -29.9955
     132     -28.0202
     133     -19.9833
     134     -28.8634
     135     -31.0154
     136     -25.3242
     137     -17.1791
     138     -30.7409
     139     -29.8910
     140     -26.5693
     141     -17.9855
     142     -26.7210
     143     -19.8938
     144     -20.5295
     145     -25.5167
     146     -22.4959
     147     -30.3620
     148     -19.8477
     149     -22.4435
     150     -21.8076
     151     -11.2010
     152     -21.4162
     153     -25.5420
     154     -16.8421
     155     -11.6012
     156     -16.9299
     157     -24.7771
     158     -19.3677
     159      -8.8142
     160     -27.5721
     161     -18.3584
     162      -5.3331
     163     -21.2502
     164     -27.4335
     165     -30.7162
     166     -24.8894
     167     -19.2080
     168     -22.7873
     169     -23.8634
     170     -20.6319
     171     -31.7666
     172     -27.0700
     173     -25.6150
     174     -27.0407
     175     -31.1475
     176     -32.3859
     177     -32.2478
     178     -25.1514
     179     -37.8497
     180     -13.8785
     181     -20.8881
     182      -6.6683
     183     -10.9897
     184     -27.8560
     185     -27.8879
     186     -27.0977
     187     -33.0482
     188     -26.0088
     189     -18.9729
     190     -21.6737
     191     -22.4931
     192     -21.7678
     193      -7.7644
     194     -31.2458
     195     -26.9722
     196     -22.8494
     197     -15.1210
     198     -16.1529
     199     -10.9932
     200     -13.7281
