#Frame      Dih_00170
       1      16.4793
       2      23.1250
       3      23.1334
       4      12.6257
       5      12.3866
       6       8.6466
       7       6.8888
       8      17.1367
       9      30.8936
      10       9.3028
      11      33.8045
      12       6.1175
      13       6.1983
      14      37.6061
      15      25.4202
      16      25.2468
      17      30.1456
      18      19.7846
      19      18.1990
      20      19.6735
      21      32.7367
      22      28.0422
      23      25.3813
      24      34.1369
      25      -4.4374
      26      19.8377
      27      27.5242
      28      34.1376
      29      12.4825
      30      20.1755
      31      17.2830
      32      18.8724
      33      20.2197
      34      20.6600
      35       8.4228
      36       1.5540
      37      29.5972
      38      12.4139
      39      20.5620
      40       7.4098
      41       9.7541
      42      16.0415
      43      12.4694
      44      15.8377
      45      26.4027
      46      21.6767
      47       5.6562
      48      24.0669
      49      17.8955
      50      12.6880
      51      22.2367
      52      14.3193
      53      18.3677
      54      15.4285
      55      21.1974
      56      25.9589
      57      27.1164
      58      21.1838
      59      17.2114
      60      26.5049
      61      19.6647
      62      25.8295
      63      22.3260
      64       9.7621
      65       8.7707
      66       7.6556
      67      14.6206
      68      14.3019
      69       8.3643
      70      16.4802
      71      33.3448
      72      29.9233
      73       7.9849
      74      16.0666
      75      27.7334
      76      26.2561
      77      15.8050
      78       9.0862
      79      14.0728
      80       8.8371
      81      17.7274
      82      10.5502
      83      14.1175
      84      13.4485
      85      17.6479
      86      21.2887
      87      27.6523
      88      18.8509
      89      14.6998
      90      17.2577
      91      30.5123
      92      24.5013
      93      10.3439
      94      22.6145
      95      11.4314
      96      25.6044
      97      20.8866
      98      20.7486
      99      15.6770
     100      16.7159
     101      20.3648
     102      21.6299
     103       8.2416
     104      15.3291
     105       3.3557
     106      16.6664
     107      24.7216
     108      14.0643
     109      19.8450
     110      21.3085
     111      22.9779
     112      10.8916
     113      19.4894
     114       2.6394
     115      24.8579
     116       5.4709
     117       9.8912
     118       7.0521
     119       8.4859
     120       0.1040
     121      18.0729
     122      -3.3466
     123      18.6185
     124      11.5196
     125      16.0995
     126      32.2703
     127      22.3648
     128       9.9035
     129      12.9170
     130       2.6626
     131       9.8926
     132       9.5752
     133      26.3587
     134      26.3129
     135      11.5709
     136      19.6146
     137      41.1074
     138       5.2996
     139      22.1594
     140      13.5318
     141      31.4787
     142      22.2508
     143      24.6120
     144      30.9168
     145      15.3945
     146      12.1060
     147       2.8421
     148      16.6691
     149      12.4734
     150      14.6988
     151      20.7587
     152      13.0132
     153       6.9952
     154      17.8137
     155      11.6886
     156      24.6135
     157      13.9147
     158      23.3613
     159      19.8154
     160      14.6070
     161      28.4863
     162      21.2507
     163      22.5228
     164      17.0364
     165      14.9997
     166      14.6609
     167      20.2709
     168       6.6290
     169      20.3150
     170      19.9974
     171      14.3005
     172      21.2701
     173      17.6424
     174       7.8545
     175       9.0042
     176      13.6495
     177      15.5405
     178      29.2686
     179       6.8771
     180      25.7988
     181      11.6012
     182      29.1073
     183      24.0126
     184       6.0570
     185      25.5820
     186      23.5564
     187      23.2609
     188      21.5301
     189      21.8380
     190      19.5447
     191      12.7644
     192      13.5148
     193      28.5009
     194      19.9465
     195      21.8063
     196      23.7637
     197      28.1087
     198      18.9098
     199      18.6102
     200      24.9368
