#Frame      Dih_00011
       1     -24.7337
       2     -24.3445
       3     -31.3979
       4     -20.0663
       5     -30.2794
       6     -25.9905
       7     -29.3184
       8     -20.5966
       9     -15.6270
      10     -18.0669
      11      -9.8610
      12     -17.1964
      13      -6.9032
      14      -0.4061
      15     -25.6226
      16      -5.7742
      17     -21.5829
      18     -42.8657
      19     -36.0505
      20     -21.4917
      21     -31.2587
      22     -32.8555
      23     -48.8693
      24     -32.5719
      25     -19.6994
      26     -29.4617
      27     -29.8784
      28     -17.6104
      29     -30.4610
      30     -33.8677
      31     -18.3646
      32     -25.5742
      33     -36.8116
      34     -24.4679
      35     -30.0228
      36     -39.3204
      37     -20.7111
      38     -35.7102
      39     -33.9217
      40     -36.2899
      41     -38.1821
      42     -30.9613
      43     -36.0262
      44     -31.2451
      45     -37.0219
      46     -37.9727
      47     -35.8688
      48     -30.0154
      49     -18.0006
      50     -22.4974
      51     -27.7361
      52     -27.9699
      53     -43.2912
      54     -32.3869
      55     -48.4843
      56     -26.9890
      57     -25.2417
      58     -39.2796
      59     -39.8480
      60     -41.7000
      61     -30.0720
      62     -31.7939
      63     -28.1730
      64     -43.3741
      65     -32.9075
      66     -38.5845
      67     -37.6516
      68     -28.6862
      69     -35.5906
      70     -33.6686
      71     -40.6227
      72     -29.3217
      73     -45.7844
      74     -37.2865
      75     -39.1062
      76     -25.5088
      77     -38.6920
      78     -17.9319
      79     -24.2738
      80     -31.9136
      81     -27.0869
      82     -23.2632
      83     -24.9204
      84     -31.6531
      85     -36.1471
      86     -33.6212
      87     -38.2812
      88     -50.0249
      89     -32.6023
      90     -39.1513
      91     -26.9410
      92     -31.2246
      93     -24.3204
      94     -25.8171
      95     -16.4199
      96     -19.3365
      97     -23.5581
      98     -18.2260
      99     -20.7841
     100     -29.5835
     101     -23.1473
     102     -13.6944
     103     -16.6261
     104      -6.7165
     105     -20.6819
     106     -21.8818
     107     -33.6681
     108     -26.6790
     109     -39.8923
     110     -17.9089
     111     -19.4938
     112     -33.4871
     113     -28.5586
     114     -31.1047
     115     -35.3169
     116     -36.8550
     117     -22.2402
     118     -31.1371
     119     -39.3834
     120     -17.8986
     121      -9.3643
     122     -14.8353
     123     -19.6229
     124     -28.5000
     125     -14.6264
     126      -4.0231
     127     -13.8094
     128     -27.1734
     129     -19.4707
     130     -12.3298
     131      -5.6466
     132      -6.3006
     133       4.0260
     134     -17.2019
     135     -11.5466
     136      11.1505
     137       8.0422
     138      -5.3112
     139     -14.9526
     140      -2.8040
     141     -11.1632
     142      -8.1765
     143      -8.6781
     144     -15.0105
     145     -14.7454
     146     -22.3088
     147     -23.0285
     148     -13.6869
     149      -8.0220
     150     -12.2322
     151     -11.3630
     152      -4.6019
     153       5.4782
     154      -6.0859
     155     -11.7972
     156     -11.8824
     157     -20.3322
     158     -12.4037
     159     -25.3445
     160     -20.4937
     161      -5.0383
     162     -15.7530
     163      -2.0937
     164      -1.4506
     165      -6.2698
     166       5.8234
     167      -9.7726
     168     -15.2513
     169      -8.2464
     170     -12.0163
     171     -19.6579
     172     -22.2278
     173     -17.7719
     174     -16.2206
     175     -21.7990
     176     -15.8050
     177      -1.1081
     178     -10.0121
     179     -10.3249
     180     -16.5061
     181     -24.2163
     182     -25.5440
     183     -29.4327
     184     -19.3499
     185     -18.5514
     186     -24.9193
     187     -16.8593
     188     -26.7792
     189     -20.3368
     190     -25.9249
     191     -14.5758
     192     -12.4077
     193     -16.6055
     194     -16.4687
     195     -37.0240
     196     -37.3591
     197     -34.0876
     198     -26.3539
     199     -33.6949
     200     -36.0476
