#Frame      Dih_00012
       1      35.5376
       2      35.5149
       3      45.8188
       4      30.0873
       5      40.5634
       6      35.6792
       7      39.2300
       8      33.8730
       9      29.0046
      10      35.6866
      11      28.5371
      12      31.2927
      13      29.1682
      14      19.7554
      15      39.0973
      16      21.7460
      17      37.8101
      18      46.2328
      19      49.9227
      20      37.1286
      21      36.5604
      22      43.4400
      23      51.3811
      24      51.5282
      25      40.1503
      26      41.6806
      27      37.5497
      28      32.6655
      29      38.8407
      30      44.8019
      31      32.4849
      32      39.5975
      33      44.5101
      34      39.8402
      35      39.2033
      36      43.5474
      37      33.7651
      38      38.9953
      39      41.7328
      40      44.6761
      41      38.3479
      42      30.9332
      43      32.8950
      44      36.9310
      45      54.2394
      46      45.7264
      47      52.3811
      48      36.3568
      49      31.1443
      50      30.6913
      51      35.5029
      52      32.8938
      53      42.3452
      54      46.6823
      55      46.3087
      56      33.0798
      57      41.0620
      58      48.3122
      59      49.2271
      60      42.0656
      61      31.5359
      62      44.0255
      63      38.0878
      64      43.6662
      65      42.2361
      66      38.9764
      67      44.8469
      68      42.0900
      69      44.8639
      70      42.2695
      71      44.5917
      72      30.5607
      73      36.8930
      74      47.6886
      75      49.9346
      76      38.5123
      77      47.4630
      78      32.1875
      79      40.0195
      80      38.9834
      81      44.2223
      82      33.0999
      83      38.6080
      84      33.2527
      85      48.4126
      86      35.7976
      87      38.9279
      88      39.1383
      89      34.7250
      90      41.4775
      91      40.6639
      92      38.9507
      93      34.4442
      94      38.8145
      95      32.6091
      96      32.4028
      97      38.5513
      98      28.5549
      99      34.4026
     100      43.3851
     101      35.9735
     102      28.3973
     103      33.7868
     104      19.2345
     105      35.1286
     106      35.3526
     107      45.2336
     108      36.7103
     109      40.0735
     110      24.9522
     111      35.1386
     112      39.0729
     113      40.0249
     114      38.1855
     115      38.1299
     116      37.2849
     117      33.3417
     118      33.8683
     119      33.0308
     120       3.0151
     121     -11.6391
     122      -5.8663
     123       1.1162
     124       9.8542
     125      -9.3528
     126     -19.5129
     127     -10.6390
     128      -7.1367
     129      -5.5636
     130     -13.9597
     131     -13.1070
     132     -11.9227
     133     -18.2334
     134     -10.1923
     135     -11.4542
     136     -24.4049
     137     -25.6202
     138     -18.2704
     139     -10.2450
     140     -19.3198
     141     -13.0103
     142     -14.9071
     143     -16.6416
     144     -10.5373
     145     -11.0515
     146       1.4482
     147       3.1408
     148     -10.7577
     149     -11.4367
     150      -7.9288
     151     -15.6697
     152     -16.1987
     153     -23.1366
     154     -18.8569
     155     -12.6094
     156      -2.4493
     157      -2.3533
     158      -4.2730
     159       8.6608
     160      -3.5299
     161     -13.7574
     162      -6.3159
     163     -19.2167
     164     -23.7041
     165      -9.7953
     166     -24.1794
     167     -15.1289
     168      -9.7252
     169     -16.0696
     170     -12.0781
     171       1.3803
     172      -5.9497
     173      -9.7538
     174      -5.6160
     175       1.6941
     176      -8.8070
     177     -24.6455
     178      -3.3648
     179      -8.0331
     180      -4.2295
     181      12.2886
     182      13.3354
     183      10.6345
     184       5.8369
     185      -8.3512
     186       3.3043
     187      -4.3294
     188      10.5183
     189      -3.6013
     190      -2.4497
     191      -7.8972
     192      -3.9255
     193      -2.3633
     194      -4.4143
     195      15.4695
     196      23.3971
     197      19.6986
     198       8.0211
     199      24.3688
     200      28.9081
