#Frame      Dih_00013
       1     -31.1526
       2     -33.0769
       3     -39.0722
       4     -28.5102
       5     -35.8542
       6     -31.8556
       7     -39.4316
       8     -33.5687
       9     -29.0503
      10     -37.5429
      11     -36.0398
      12     -30.6622
      13     -36.7060
      14     -30.8345
      15     -34.6473
      16     -28.9287
      17     -38.8016
      18     -31.0217
      19     -42.5699
      20     -34.5534
      21     -28.6084
      22     -36.8882
      23     -32.3624
      24     -45.6664
      25     -38.0044
      26     -37.2908
      27     -30.9924
      28     -32.8491
      29     -32.9030
      30     -37.2030
      31     -33.4604
      32     -40.1181
      33     -34.9579
      34     -40.6974
      35     -34.5156
      36     -28.4328
      37     -31.8692
      38     -28.2122
      39     -31.5389
      40     -35.5390
      41     -25.7817
      42     -18.4413
      43     -18.2779
      44     -24.2722
      45     -48.3851
      46     -35.5615
      47     -44.6048
      48     -25.8139
      49     -30.8922
      50     -28.4342
      51     -27.6148
      52     -25.3662
      53     -24.1181
      54     -40.0019
      55     -26.9324
      56     -26.2675
      57     -38.6943
      58     -32.4836
      59     -36.2891
      60     -25.1855
      61     -20.0580
      62     -34.3808
      63     -32.2864
      64     -27.3036
      65     -31.7444
      66     -23.3480
      67     -32.2422
      68     -40.6788
      69     -31.9409
      70     -34.0988
      71     -36.2324
      72     -18.0788
      73     -17.4620
      74     -36.3980
      75     -36.4931
      76     -39.4768
      77     -38.4311
      78     -29.6244
      79     -38.6985
      80     -31.7454
      81     -40.4512
      82     -30.3940
      83     -33.7193
      84     -18.8470
      85     -42.9279
      86     -24.1964
      87     -23.1804
      88     -12.1684
      89     -21.3275
      90     -29.4593
      91     -36.0034
      92     -26.8586
      93     -33.0234
      94     -36.0006
      95     -34.7115
      96     -29.1169
      97     -38.0322
      98     -27.0587
      99     -30.5009
     100     -40.2502
     101     -35.8182
     102     -30.2955
     103     -37.6139
     104     -24.3864
     105     -35.4585
     106     -34.8028
     107     -39.0378
     108     -35.0088
     109     -25.8833
     110     -22.8442
     111     -33.7733
     112     -29.1731
     113     -32.8914
     114     -30.3956
     115     -25.2407
     116     -23.8863
     117     -28.6455
     118     -23.2291
     119     -15.7649
     120      12.2499
     121      25.4975
     122      22.3919
     123      14.8800
     124       9.2158
     125      28.2622
     126      33.4380
     127      27.9735
     128      36.5285
     129      27.3067
     130      30.2380
     131      26.3805
     132      22.6729
     133      24.2474
     134      31.1402
     135      28.1625
     136      27.9017
     137      31.2825
     138      32.4348
     139      28.6915
     140      32.0182
     141      30.5788
     142      29.4548
     143      34.5165
     144      28.9911
     145      28.8032
     146      18.0688
     147      16.9704
     148      26.9351
     149      24.2951
     150      22.9759
     151      35.2472
     152      27.8437
     153      29.0532
     154      35.3676
     155      29.8004
     156      14.1967
     157      22.2383
     158      17.2113
     159       8.5016
     160      24.3675
     161      23.5530
     162      23.9715
     163      30.4879
     164      37.4021
     165      19.6379
     166      31.4450
     167      32.9544
     168      27.6542
     169      33.8522
     170      29.1851
     171      15.5362
     172      28.8653
     173      29.5632
     174      22.3177
     175      18.1159
     176      27.4890
     177      37.0067
     178      14.6489
     179      21.4996
     180      20.2672
     181       3.1717
     182       3.5113
     183      10.7530
     184       8.5311
     185      29.6003
     186      17.4722
     187      21.1289
     188       9.0145
     189      23.4294
     190      26.0727
     191      26.8805
     192      16.5003
     193      18.0226
     194      20.5012
     195      10.2254
     196      -4.0997
     197       0.6220
     198      11.3083
     199      -7.0531
     200     -11.7417
