#Frame      Dih_00014
       1      17.9450
       2      19.2696
       3      24.5536
       4      16.8644
       5      20.0042
       6      20.6112
       7      22.5458
       8      21.5848
       9      22.6151
      10      28.9519
      11      31.1585
      12      24.1552
      13      31.0772
      14      31.9047
      15      24.9367
      16      25.0952
      17      27.0218
      18      10.0415
      19      20.7383
      20      26.1151
      21      13.1972
      22      19.6417
      23       6.8048
      24      26.4120
      25      29.1212
      26      23.8009
      27      16.0119
      28      23.8405
      29      16.3760
      30      20.6744
      31      22.7330
      32      27.5714
      33      14.8500
      34      25.7931
      35      17.5065
      36       8.0464
      37      21.6144
      38       8.8610
      39      12.8214
      40      15.5637
      41       4.3918
      42       1.8163
      43      -0.8122
      44       8.2814
      45      27.3201
      46      13.6379
      47      25.2105
      48      11.2708
      49      21.5528
      50      15.6260
      51      12.3275
      52      10.5230
      53      -0.4860
      54      24.9978
      55      -0.8562
      56      10.8513
      57      24.8685
      58      11.0677
      59      16.0727
      60       3.5984
      61       4.2558
      62      16.7210
      63      16.9591
      64       3.7332
      65      14.6746
      66       1.3107
      67      11.1188
      68      24.2992
      69      10.6241
      70      17.3084
      71      14.9371
      72       0.8414
      73      -7.3560
      74      15.8942
      75      13.3688
      76      26.0015
      77      18.1223
      78      22.3264
      79      23.6724
      80      15.8402
      81      25.1367
      82      18.8809
      83      19.9224
      84       3.3835
      85      22.8707
      86       4.9647
      87      -0.5387
      88     -17.4253
      89       3.3045
      90       7.9822
      91      21.3914
      92      10.2351
      93      19.9071
      94      21.4242
      95      28.4802
      96      18.9155
      97      27.3555
      98      17.4244
      99      21.9719
     100      25.1569
     101      22.6629
     102      24.5629
     103      26.9128
     104      21.7315
     105      24.5931
     106      24.4277
     107      22.2541
     108      20.3964
     109       3.3181
     110      13.0117
     111      24.8632
     112      10.9123
     113      18.6322
     114      14.3062
     115       4.3079
     116       4.7249
     117      17.2212
     118       6.5864
     119      -7.4856
     120     -23.2946
     121     -30.3538
     122     -32.4123
     123     -27.6160
     124     -26.0493
     125     -36.8757
     126     -37.6614
     127     -37.7953
     128     -48.8399
     129     -37.0494
     130     -40.3870
     131     -31.1726
     132     -27.0982
     133     -23.1527
     134     -43.4366
     135     -34.0710
     136     -22.8762
     137     -28.7708
     138     -35.7245
     139     -37.3432
     140     -34.7919
     141     -36.2852
     142     -34.6729
     143     -43.8933
     144     -38.1017
     145     -38.0360
     146     -33.6000
     147     -30.3366
     148     -32.6306
     149     -31.1248
     150     -30.5555
     151     -39.8668
     152     -32.4010
     153     -30.4145
     154     -39.0945
     155     -35.1254
     156     -23.9698
     157     -38.2164
     158     -23.6291
     159     -22.8959
     160     -39.5537
     161     -28.5171
     162     -33.2148
     163     -32.7293
     164     -40.5860
     165     -23.6614
     166     -28.0386
     167     -42.9453
     168     -37.1687
     169     -40.8604
     170     -38.6540
     171     -26.8479
     172     -40.1691
     173     -38.7417
     174     -32.7251
     175     -31.6614
     176     -37.5381
     177     -40.6984
     178     -21.2488
     179     -29.8190
     180     -31.0778
     181     -17.2929
     182     -19.1098
     183     -31.9458
     184     -20.2303
     185     -41.7524
     186     -33.5513
     187     -33.0342
     188     -25.2907
     189     -35.7648
     190     -41.7384
     191     -35.8260
     192     -25.4427
     193     -29.9561
     194     -31.5745
     195     -31.6878
     196     -16.8319
     197     -21.2199
     198     -25.6412
     199     -12.6501
     200      -8.4717
