#Frame      Dih_00015
       1       4.2544
       2       1.8362
       3       2.9935
       4       2.0233
       5       6.6207
       6       2.2008
       7       4.8232
       8      -1.0405
       9      -5.1950
      10      -6.4223
      11     -13.1096
      12      -5.4839
      13     -16.4881
      14     -21.4194
      15       0.7001
      16     -12.9302
      17      -3.6484
      18      20.1067
      19       9.9993
      20      -2.1936
      21      10.0584
      22       8.2411
      23      23.7492
      24       3.1038
      25      -5.7756
      26       2.7518
      27       9.0777
      28      -3.7170
      29       7.8452
      30       9.3341
      31      -3.2500
      32      -0.4239
      33      13.1867
      34      -1.2891
      35       8.2784
      36      18.3564
      37      -0.5225
      38      16.9416
      39      13.1945
      40      12.7842
      41      21.2762
      42      18.5525
      43      22.1146
      44      13.3274
      45       5.6831
      46      14.7430
      47       7.4922
      48      11.1110
      49      -2.3869
      50       4.1696
      51      10.5925
      52      11.3702
      53      27.1944
      54       3.3302
      55      30.6292
      56      10.6096
      57      -0.3832
      58      16.2893
      59      14.0397
      60      22.8216
      61      16.6900
      62       8.9336
      63       6.9942
      64      23.7403
      65      11.4013
      66      24.2937
      67      16.4218
      68       2.9325
      69      16.6897
      70       9.2379
      71      15.9095
      72      18.9356
      73      33.2738
      74      11.9242
      75      17.1116
      76      -1.2334
      77      12.9405
      78      -3.0274
      79       0.7660
      80       8.5015
      81      -0.2512
      82       2.4135
      83       3.5016
      84      17.1023
      85       8.6935
      86      17.1977
      87      26.1339
      88      40.9919
      89      18.1189
      90      19.3096
      91       3.5755
      92      12.5661
      93       2.6056
      94       3.0481
      95      -6.9364
      96      -0.4808
      97      -2.8051
      98       0.0638
      99      -0.9422
     100       1.9540
     101       0.3044
     102      -6.3309
     103      -6.8965
     104      -9.3679
     105      -3.3502
     106      -1.7384
     107       6.6748
     108       4.0279
     109      22.9618
     110       2.6406
     111      -3.1580
     112      14.4219
     113       6.0515
     114      10.6910
     115      18.7396
     116      19.3761
     117       2.6570
     118      14.8452
     119      30.0211
     120      26.4404
     121      26.0717
     122      30.7193
     123      30.3480
     124      34.7739
     125      33.3622
     126      26.2020
     127      32.9256
     128      48.5576
     129      35.2776
     130      34.9465
     131      22.7917
     132      22.3494
     133      12.5561
     134      37.7680
     135      29.4046
     136       7.7159
     137      12.7698
     138      25.7203
     139      33.2383
     140      24.0757
     141      31.4739
     142      29.6737
     143      32.9650
     144      33.9496
     145      34.4958
     146      33.3001
     147      33.3784
     148      30.7594
     149      24.4554
     150      27.7037
     151      33.8135
     152      24.1096
     153      15.6095
     154      28.0934
     155      30.1129
     156      23.3627
     157      36.0591
     158      23.4267
     159      30.3392
     160      37.2111
     161      22.2052
     162      32.7433
     163      21.4367
     164      27.0491
     165      19.9018
     166      13.7897
     167      32.4038
     168      34.3600
     169      32.6058
     170      31.2616
     171      30.0689
     172      41.7396
     173      37.2695
     174      31.0545
     175      34.5123
     176      34.0744
     177      27.5018
     178      20.3809
     179      25.3317
     180      29.7652
     181      27.6435
     182      28.6263
     183      38.6967
     184      24.2520
     185      41.1737
     186      35.6363
     187      32.8234
     188      33.2658
     189      36.9502
     190      42.7579
     191      30.3925
     192      25.2946
     193      31.0323
     194      30.5334
     195      45.2634
     196      34.4923
     197      34.8868
     198      32.3863
     199      29.4454
     200      27.9852
