#Frame      Dih_00016
       1     -38.9202
       2     -43.9265
       3     -33.0807
       4     -46.3273
       5     -33.6178
       6     -26.5941
       7     -43.8531
       8     -41.7828
       9     -36.7026
      10     -39.1666
      11     -43.5791
      12     -39.1517
      13     -33.2710
      14     -53.1576
      15     -44.1554
      16     -47.7432
      17     -42.2410
      18     -40.9979
      19     -46.8214
      20     -40.8032
      21     -57.8719
      22     -38.4291
      23     -45.1539
      24     -41.4916
      25     -47.0207
      26     -43.8138
      27     -47.4095
      28     -37.7670
      29     -45.8101
      30     -33.7526
      31     -42.3600
      32     -43.9977
      33     -45.2328
      34     -47.2613
      35     -50.2533
      36     -45.5165
      37     -32.8206
      38     -48.4448
      39     -38.7081
      40     -39.8033
      41     -44.1372
      42     -58.4922
      43     -37.0776
      44     -38.8891
      45     -14.9141
      46     -23.1406
      47     -24.3716
      48     -42.1777
      49     -35.3212
      50     -44.1317
      51     -37.4469
      52     -32.5638
      53     -39.0449
      54     -35.4586
      55     -37.8800
      56     -54.8275
      57     -28.9066
      58     -33.9618
      59     -41.7095
      60     -24.0507
      61     -38.5922
      62     -44.7574
      63     -26.9799
      64     -36.0499
      65     -36.3879
      66     -45.7719
      67     -25.1765
      68     -39.8614
      69     -38.7832
      70     -22.7563
      71     -26.4778
      72     -46.6876
      73     -37.6822
      74     -43.3824
      75     -39.9434
      76     -50.4396
      77     -35.6855
      78     -30.3072
      79     -31.2625
      80     -20.2789
      81     -43.2137
      82     -35.3716
      83     -27.2971
      84     -22.6594
      85     -30.3576
      86     -29.7662
      87     -27.2204
      88      -4.9357
      89     -19.8131
      90     -31.1381
      91     -11.4341
      92     -21.0372
      93     -39.9985
      94     -31.6360
      95     -19.2456
      96     -30.6631
      97     -20.2371
      98     -35.3155
      99     -32.1579
     100     -32.7287
     101     -38.9785
     102     -35.2201
     103     -40.7147
     104     -29.7651
     105     -30.5084
     106     -35.6992
     107     -42.7532
     108     -21.9874
     109     -42.2260
     110     -32.9090
     111     -10.5762
     112     -26.8493
     113     -37.2157
     114     -24.5508
     115     -33.8364
     116     -19.0677
     117     -26.9587
     118     -25.7323
     119     -20.2686
     120     -25.6458
     121     -26.8562
     122       1.5846
     123     -20.4131
     124     -20.1005
     125     -30.8738
     126     -23.6006
     127     -34.9080
     128     -33.6806
     129     -27.6722
     130     -28.1003
     131     -38.4412
     132     -22.5072
     133     -41.0602
     134     -23.6716
     135     -22.6046
     136     -32.4568
     137     -25.0805
     138     -18.0201
     139     -16.0353
     140     -28.8271
     141     -23.7155
     142     -21.3306
     143     -17.1093
     144     -24.7970
     145     -12.4297
     146     -14.3693
     147     -21.1972
     148     -26.1597
     149     -17.3151
     150     -15.4590
     151     -24.7468
     152     -20.9463
     153     -19.7219
     154     -20.9175
     155      -8.8981
     156     -16.9989
     157     -39.4270
     158     -34.6647
     159     -25.6076
     160     -20.6218
     161     -23.6365
     162     -32.4964
     163      -4.8598
     164     -21.2347
     165     -30.0148
     166     -21.3985
     167     -15.9609
     168     -26.1434
     169     -22.1038
     170     -13.2714
     171      -4.7948
     172     -16.9583
     173      -5.4281
     174     -16.8260
     175     -22.4744
     176     -13.9164
     177     -13.1573
     178     -16.2205
     179     -17.5196
     180     -31.5751
     181     -22.7171
     182     -28.1812
     183     -20.1118
     184     -35.8453
     185     -37.0799
     186     -27.2679
     187     -13.7400
     188     -18.9573
     189     -23.3670
     190      -8.7885
     191     -21.5369
     192     -20.3523
     193     -10.0941
     194     -21.5258
     195      -5.4603
     196     -27.4979
     197     -11.9122
     198     -18.4395
     199      -9.6901
     200     -12.1108
