#Frame      Dih_00017
       1      38.4684
       2      39.7998
       3      31.9429
       4      44.7145
       5      45.3042
       6      43.3120
       7      50.8564
       8      43.8543
       9      40.8686
      10      40.8685
      11      39.3004
      12      36.8012
      13      48.8789
      14      47.5866
      15      35.3852
      16      42.0124
      17      42.7339
      18      43.5452
      19      55.9684
      20      48.1653
      21      46.2994
      22      33.6872
      23      44.1756
      24      47.7764
      25      47.6551
      26      45.7184
      27      38.5156
      28      40.3817
      29      49.4209
      30      43.9584
      31      44.2690
      32      43.4408
      33      40.0550
      34      40.2780
      35      46.5563
      36      39.0921
      37      36.7593
      38      43.9636
      39      34.9349
      40      35.8956
      41      38.1324
      42      46.4564
      43      42.7107
      44      44.5114
      45      30.5837
      46      30.1005
      47      32.7777
      48      44.5942
      49      36.9259
      50      26.3827
      51      17.2174
      52      21.2911
      53      35.7087
      54      47.7211
      55      44.9772
      56      45.8254
      57      20.1979
      58      16.3222
      59      23.6939
      60      10.2599
      61      24.2966
      62      36.9015
      63      11.0060
      64      21.1819
      65      29.2789
      66      38.6270
      67      29.5938
      68      38.9964
      69      43.8734
      70      36.1976
      71      40.5746
      72      44.8855
      73      27.1993
      74      36.6930
      75      40.0742
      76      52.6287
      77      44.6942
      78      40.1955
      79      38.3587
      80      29.3763
      81      39.0985
      82      17.3700
      83       9.0421
      84       2.0646
      85      20.3676
      86      13.2171
      87      10.8307
      88      -9.6343
      89      -0.0816
      90      25.4006
      91       2.3960
      92      12.0286
      93      28.1796
      94      30.7953
      95      33.6016
      96      38.4147
      97      19.9345
      98      21.2356
      99      27.8590
     100      35.1179
     101      44.6124
     102      41.3783
     103      38.8750
     104      31.1991
     105      31.6351
     106      51.1848
     107      41.2474
     108      36.2287
     109      45.6631
     110      40.8536
     111      31.8808
     112      37.3587
     113      36.3240
     114      32.8991
     115      45.6627
     116      31.4310
     117      38.7230
     118      41.1497
     119      34.1474
     120      36.7218
     121      35.8890
     122      24.9700
     123      25.4865
     124      37.4827
     125      40.9228
     126      34.1184
     127      40.8866
     128      45.1319
     129      34.7220
     130      44.6242
     131      40.2004
     132      36.2424
     133      45.4767
     134      38.5271
     135      39.7712
     136      44.7815
     137      38.1402
     138      30.7255
     139      29.8038
     140      45.1894
     141      36.4952
     142      35.9394
     143      32.7445
     144      33.9687
     145      24.2794
     146      28.3981
     147      36.4395
     148      41.5145
     149      28.5692
     150      29.4628
     151      38.0359
     152      35.3926
     153      36.3001
     154      31.9697
     155      20.8054
     156      29.1740
     157      41.6312
     158      41.8928
     159      40.3286
     160      35.5070
     161      32.2913
     162      33.7635
     163      19.9812
     164      37.9587
     165      37.9655
     166      36.2927
     167      31.8683
     168      38.6210
     169      34.6184
     170      33.3095
     171      21.7815
     172      27.2218
     173      28.1059
     174      31.4161
     175      35.4243
     176      29.9957
     177      32.7102
     178      24.6261
     179      33.0086
     180      37.9899
     181      36.8634
     182      36.1474
     183      30.2993
     184      44.6761
     185      43.1945
     186      30.2729
     187      32.8159
     188      35.8237
     189      34.7848
     190      25.5415
     191      38.8150
     192      32.0061
     193      25.6428
     194      30.8542
     195      26.0651
     196      38.9921
     197      33.4723
     198      37.0946
     199      22.5340
     200      25.2246
