#Frame      Dih_00018
       1     -25.4731
       2     -22.3005
       3     -19.4339
       4     -27.3968
       5     -35.9960
       6     -37.0444
       7     -40.6653
       8     -29.5972
       9     -28.6074
      10     -29.7984
      11     -22.1561
      12     -20.5621
      13     -38.6061
      14     -22.5195
      15     -15.2803
      16     -23.1797
      17     -28.3641
      18     -26.3348
      19     -42.8518
      20     -37.5494
      21     -20.6598
      22     -16.9801
      23     -26.3173
      24     -38.0664
      25     -28.0933
      26     -27.9142
      27     -16.1284
      28     -28.7749
      29     -36.5493
      30     -33.8457
      31     -31.6256
      32     -22.7030
      33     -20.9922
      34     -20.0147
      35     -24.4135
      36     -22.7209
      37     -28.1392
      38     -21.9983
      39     -16.2895
      40     -20.3407
      41     -22.0080
      42     -21.1136
      43     -30.1793
      44     -32.2446
      45     -33.3259
      46     -26.1711
      47     -26.7075
      48     -30.7616
      49     -27.3108
      50       0.0045
      51       5.2691
      52      -2.1200
      53     -20.2207
      54     -40.9797
      55     -32.2764
      56     -19.0185
      57      -5.1425
      58       5.4002
      59       2.7277
      60       4.3814
      61      -2.4059
      62     -13.6796
      63       6.6537
      64      -2.6678
      65      -9.0689
      66     -21.3299
      67     -22.6377
      68     -24.8333
      69     -32.0038
      70     -30.0064
      71     -36.7193
      72     -26.2352
      73      -6.9024
      74     -16.6096
      75     -23.5446
      76     -34.1706
      77     -35.4020
      78     -34.6125
      79     -28.9357
      80     -26.8844
      81     -18.9684
      82       4.3208
      83      11.8278
      84      17.0786
      85      -5.4249
      86       7.7533
      87       7.9707
      88      18.8735
      89      18.0351
      90     -10.3529
      91       6.0640
      92       1.0173
      93      -7.5059
      94     -17.3426
      95     -37.6860
      96     -30.0355
      97     -10.2813
      98      -3.3948
      99     -12.7092
     100     -24.2854
     101     -33.0970
     102     -30.1222
     103     -22.6022
     104     -19.4676
     105     -17.7410
     106     -43.2902
     107     -28.3652
     108     -33.5948
     109     -28.8094
     110     -35.1151
     111     -37.8061
     112     -29.2689
     113     -22.0408
     114     -29.1763
     115     -40.9442
     116     -30.6238
     117     -33.1247
     118     -38.5133
     119     -32.0337
     120     -31.6365
     121     -33.5172
     122     -39.5011
     123     -21.8422
     124     -38.5324
     125     -35.8555
     126     -27.7985
     127     -29.3634
     128     -40.7185
     129     -26.4036
     130     -43.0101
     131     -25.5320
     132     -32.4010
     133     -30.6062
     134     -37.7863
     135     -35.9175
     136     -40.3212
     137     -35.2509
     138     -27.1494
     139     -30.5597
     140     -45.3802
     141     -33.0496
     142     -34.3262
     143     -35.0410
     144     -28.3798
     145     -24.1070
     146     -30.6401
     147     -37.3333
     148     -36.5996
     149     -27.3756
     150     -30.7183
     151     -32.9718
     152     -32.3524
     153     -38.0821
     154     -30.6356
     155     -22.9374
     156     -28.8082
     157     -28.2699
     158     -34.0596
     159     -37.3728
     160     -34.1801
     161     -27.2135
     162     -23.9102
     163     -25.5366
     164     -36.4445
     165     -31.2315
     166     -35.2522
     167     -34.6177
     168     -33.2561
     169     -34.0439
     170     -37.8029
     171     -29.3661
     172     -26.4063
     173     -37.6379
     174     -31.9454
     175     -30.6631
     176     -33.1676
     177     -38.0631
     178     -23.0088
     179     -34.6171
     180     -29.4785
     181     -34.6671
     182     -28.2787
     183     -29.4986
     184     -36.9321
     185     -34.2355
     186     -21.2194
     187     -38.9606
     188     -37.7731
     189     -30.8600
     190     -29.8414
     191     -38.9531
     192     -30.0913
     193     -29.8643
     194     -31.6754
     195     -35.8881
     196     -30.7215
     197     -42.7922
     198     -41.2750
     199     -27.3936
     200     -26.4966
