#Frame      Dih_00020
       1      21.2764
       2      31.1364
       3      21.0961
       4      28.3706
       5       9.3817
       6       1.1638
       7      14.8149
       8      22.2843
       9      18.4353
      10      18.9706
      11      29.6172
      12      24.9150
      13       5.5235
      14      39.0306
      15      36.4165
      16      32.6193
      17      21.9613
      18      23.4001
      19      19.4486
      20      16.1696
      21      46.4389
      22      27.4558
      23      28.9203
      24      14.2925
      25      28.1809
      26      26.4166
      27      36.5193
      28      20.7851
      29      21.3198
      30      10.3717
      31      20.0601
      32      29.2275
      33      33.1766
      34      33.4217
      35      33.9191
      36      28.6357
      37      15.8234
      38      33.6858
      39      28.2665
      40      26.2327
      41      29.2048
      42      41.7032
      43      19.7201
      44      16.5206
      45      -5.7388
      46       5.4959
      47       6.9533
      48      21.9757
      49      17.7074
      50      47.0989
      51      39.9256
      52      32.5010
      53      25.6528
      54       9.2599
      55      14.0016
      56      43.0791
      57      26.1002
      58      35.1353
      59      48.5661
      60      26.5534
      61      36.3093
      62      35.0928
      63      33.6544
      64      33.0293
      65      32.8051
      66      32.2004
      67      10.1467
      68      21.9169
      69      17.3366
      70       3.2022
      71       1.4194
      72      28.3472
      73      30.5589
      74      32.7914
      75      24.4206
      76      26.2779
      77      12.2034
      78       5.1352
      79      12.4167
      80       2.9564
      81      32.6053
      82      38.5211
      83      35.1885
      84      35.6366
      85      26.4717
      86      34.5747
      87      34.8385
      88      17.1707
      89      31.2520
      90      23.7673
      91      16.8892
      92      22.2407
      93      34.3420
      94      21.1724
      95      -3.3013
      96      11.5617
      97      13.7298
      98      32.6284
      99      24.7843
     100      18.4304
     101      18.0287
     102      15.5310
     103      22.7505
     104      16.7429
     105      17.1203
     106       7.8012
     107      21.5780
     108       0.4774
     109      22.6124
     110       9.7635
     111     -14.4798
     112       7.0502
     113      22.0571
     114       5.8583
     115       7.9254
     116      -2.0371
     117       4.2100
     118      -0.6737
     119      -1.4004
     120       3.3934
     121       4.7363
     122     -27.7834
     123       5.7974
     124      -4.5178
     125       6.0160
     126       5.0684
     127      15.2868
     128       7.1279
     129       9.1170
     130       0.1042
     131      20.8804
     132       0.1310
     133      19.4960
     134      -1.4768
     135       0.3735
     136       3.8804
     137       1.8556
     138      -1.7620
     139      -4.4791
     140      -3.1403
     141       0.5681
     142      -0.8823
     143      -6.0176
     144       5.0034
     145      -5.4538
     146      -6.2780
     147      -1.7261
     148       0.7496
     149      -1.8414
     150      -5.1175
     151       1.9952
     152      -2.5205
     153      -4.5745
     154       0.1566
     155      -6.8105
     156      -1.2710
     157      18.9048
     158      13.3160
     159       0.4391
     160      -3.0994
     161       5.6946
     162      17.4834
     163     -13.9190
     164      -3.2547
     165       9.4665
     166      -2.5006
     167      -6.5274
     168       3.4367
     169      -2.0151
     170     -13.3141
     171     -14.0135
     172       0.1257
     173     -19.5980
     174      -4.6666
     175       2.6604
     176      -8.5773
     177     -12.1910
     178       0.6176
     179      -6.2864
     180      12.8071
     181       0.5476
     182      11.2747
     183      -1.0527
     184      10.7077
     185      12.4487
     186      14.3622
     187     -11.4598
     188      -5.8650
     189       2.0880
     190     -11.6342
     191      -3.6497
     192      -0.6452
     193     -10.0269
     194       0.9524
     195     -19.2049
     196       7.2509
     197     -16.9855
     198      -7.9706
     199      -8.6686
     200      -6.1378
