#Frame      Dih_00021
       1     -15.9602
       2     -19.6314
       3      -6.3490
       4     -13.0082
       5     -20.5350
       6     -22.6634
       7     -12.3250
       8      -6.5107
       9      -5.0771
      10       0.0443
      11     -24.2479
      12     -30.9504
      13     -13.3231
      14      -2.6872
      15      -8.5237
      16     -20.4585
      17      -8.4915
      18     -13.3092
      19      -6.7766
      20      -1.2602
      21     -37.0218
      22      -8.8625
      23       7.5646
      24       1.4307
      25       3.4314
      26      -7.7908
      27     -14.3580
      28      -3.7833
      29       6.9287
      30     -13.1934
      31     -32.0597
      32     -12.5585
      33      -4.2468
      34       3.5236
      35      -0.2996
      36      -0.3403
      37     -21.4226
      38     -14.9102
      39      -8.5425
      40     -11.1504
      41       1.9890
      42      -6.6367
      43     -13.8982
      44      -9.7392
      45     -10.7818
      46     -15.9289
      47     -17.6001
      48     -16.0601
      49     -21.2953
      50     -17.8807
      51     -10.4566
      52       3.6642
      53       5.0828
      54      -0.9999
      55      -4.0036
      56      -2.5908
      57      -8.1859
      58     -11.4818
      59     -18.0447
      60     -16.4892
      61     -10.3149
      62     -23.8571
      63     -11.8739
      64     -11.1939
      65     -19.0416
      66     -14.1348
      67     -14.8882
      68      -6.1656
      69     -18.9584
      70     -22.0455
      71     -17.5478
      72      -2.3473
      73       5.0530
      74      -3.5813
      75      -8.0545
      76     -10.7350
      77      -5.3407
      78       0.8352
      79     -19.5329
      80     -10.9817
      81     -10.5248
      82     -10.9754
      83      -4.5066
      84      -6.0351
      85     -17.3450
      86     -11.8299
      87     -11.6613
      88     -14.3771
      89     -21.0104
      90     -17.7641
      91     -13.8172
      92     -27.3009
      93     -18.8356
      94      -9.5071
      95     -11.7429
      96     -17.2134
      97     -18.4918
      98     -15.4812
      99     -18.2367
     100     -15.4221
     101     -37.3325
     102     -18.9815
     103     -15.7904
     104      -6.1511
     105     -27.7336
     106      -9.7609
     107     -11.2504
     108     -18.5581
     109     -14.0469
     110     -12.4622
     111      -8.3837
     112     -18.8683
     113      -0.2738
     114      -2.3603
     115      -7.2849
     116     -19.1040
     117      -2.3365
     118      -4.2005
     119     -23.2496
     120     -16.4262
     121       2.3789
     122     -12.4349
     123     -17.0423
     124      -5.3964
     125       1.7491
     126      -2.6496
     127      -2.9942
     128     -13.1010
     129      -9.3216
     130     -13.5481
     131     -12.9289
     132     -17.5784
     133      -3.8296
     134     -10.5410
     135     -18.4025
     136     -18.8016
     137      -7.2341
     138      -9.2458
     139     -12.5613
     140     -31.9850
     141      -8.3729
     142       1.6659
     143      -8.0608
     144       5.4325
     145       8.5197
     146      -2.5095
     147      -4.8730
     148      -9.3637
     149     -12.7455
     150      -0.1867
     151       3.8829
     152      -0.1746
     153     -16.8472
     154     -14.3042
     155      -7.8186
     156      -1.6675
     157       0.3657
     158       0.9348
     159      -3.0045
     160     -21.1328
     161     -14.4223
     162     -14.3070
     163     -12.5647
     164      -2.0178
     165       0.5471
     166      -9.7589
     167     -20.5328
     168      -4.4607
     169      -5.5383
     170     -19.4976
     171      -7.5901
     172     -15.8562
     173     -16.4712
     174      -3.7759
     175     -15.8867
     176      -7.0852
     177       0.3522
     178      -3.8126
     179     -12.0037
     180     -28.2094
     181     -29.8278
     182      -6.6215
     183      -8.3808
     184      -8.1212
     185      -3.7974
     186      -5.2203
     187      -3.6269
     188     -18.0899
     189     -12.8341
     190     -13.2639
     191     -15.7876
     192     -10.4137
     193     -15.9829
     194      -5.0718
     195      -2.0978
     196      -6.3229
     197      -5.2414
     198     -16.1271
     199     -12.5595
     200     -11.2471
