#Frame      Dih_00022
       1      -3.8727
       2       2.6948
       3     -19.2189
       4     -17.0089
       5       0.0239
       6      -4.4942
       7     -15.3855
       8     -16.1028
       9     -22.0035
      10     -22.2096
      11       0.0536
      12       4.6757
      13     -15.5687
      14     -15.8090
      15     -11.7662
      16      -5.8963
      17     -16.7453
      18      -8.8290
      19     -17.3588
      20     -19.3382
      21      15.5631
      22      -9.9397
      23     -27.4062
      24     -24.1202
      25     -18.7432
      26     -16.1816
      27       2.9688
      28     -21.8957
      29     -22.6410
      30     -12.0439
      31       4.1147
      32     -16.6832
      33     -14.7726
      34     -26.4212
      35     -21.4420
      36     -14.8626
      37      -0.1117
      38     -10.0934
      39     -16.9328
      40     -17.7239
      41     -23.0094
      42     -18.2317
      43     -14.6256
      44      -5.8314
      45     -15.2786
      46      -7.4269
      47      -8.1128
      48     -13.6086
      49      -7.8714
      50     -15.1700
      51     -20.7625
      52     -22.3749
      53     -33.5305
      54     -25.9053
      55     -10.5663
      56     -14.9448
      57     -15.6221
      58      -6.8297
      59     -10.4359
      60      -3.4034
      61     -13.7275
      62       0.0381
      63     -16.5150
      64     -16.5905
      65      -7.4526
      66     -10.2406
      67     -13.1298
      68     -10.9601
      69      -9.3903
      70      -6.7006
      71      -9.9783
      72     -20.1703
      73     -29.5275
      74     -17.3088
      75     -19.7688
      76     -13.0920
      77     -21.7515
      78     -23.4223
      79      -8.3991
      80     -11.7489
      81     -14.7868
      82     -10.4536
      83     -17.3125
      84     -18.1919
      85      -6.5473
      86     -13.6868
      87     -17.0392
      88     -11.5537
      89      -5.9984
      90      -4.5915
      91     -14.4657
      92       1.3284
      93      -0.8113
      94      -2.6038
      95      -5.0053
      96      -6.6791
      97     -13.0294
      98      -8.5661
      99      -7.2312
     100     -11.8885
     101      16.8362
     102       0.6026
     103      -9.5012
     104     -15.7933
     105       0.6485
     106     -18.4996
     107      -9.3778
     108      -7.7477
     109      -2.7876
     110     -15.3073
     111     -13.7879
     112      -8.4160
     113     -19.3084
     114     -15.2717
     115     -14.1037
     116     -10.1171
     117     -20.5086
     118     -23.4884
     119      -4.6424
     120      -6.5742
     121     -23.5240
     122     -11.4243
     123     -10.4393
     124     -22.4469
     125     -20.8575
     126     -22.5833
     127     -18.5266
     128     -16.6585
     129     -20.3119
     130     -12.6273
     131     -14.3082
     132      -8.6078
     133     -24.9219
     134     -15.7781
     135      -7.7297
     136      -9.1891
     137     -15.8312
     138      -8.2520
     139       2.4337
     140       7.6707
     141     -11.0809
     142     -23.4007
     143     -15.5720
     144     -27.8748
     145     -27.7236
     146     -14.1348
     147     -17.1547
     148     -10.1947
     149      -0.9811
     150     -17.2472
     151     -21.2678
     152     -22.1642
     153      -6.0087
     154      -6.2121
     155      -5.6591
     156     -20.4156
     157     -19.7449
     158     -22.4020
     159     -20.4039
     160      -6.2014
     161      -9.2479
     162      -8.8449
     163     -14.8978
     164     -23.1504
     165     -24.5206
     166     -20.9352
     167       3.8703
     168     -13.6574
     169     -23.0906
     170      -5.0328
     171     -18.0906
     172      -9.9192
     173      -8.6347
     174     -19.7071
     175     -13.2744
     176      -8.8862
     177     -15.0906
     178     -19.5334
     179     -16.3477
     180       1.3744
     181       1.2366
     182     -13.7991
     183     -18.8832
     184     -17.6622
     185     -16.8391
     186     -23.0400
     187     -18.7513
     188      -7.7999
     189      -7.9588
     190      -9.1246
     191      -8.8670
     192     -12.8223
     193     -11.6392
     194     -16.2014
     195     -12.8686
     196     -17.5771
     197     -17.6082
     198      -7.4443
     199     -15.8437
     200      -7.1719
