#Frame      Dih_00023
       1      20.4330
       2      13.9649
       3      33.0684
       4      38.1300
       5      19.5492
       6      26.2240
       7      34.9741
       8      30.0441
       9      37.4206
      10      32.7355
      11      21.4472
      12      21.7761
      13      36.8632
      14      25.2904
      15      26.5542
      16      27.2445
      17      32.6950
      18      24.4573
      19      32.3200
      20      28.1349
      21       9.7206
      22      22.7893
      23      35.7930
      24      35.1772
      25      25.3519
      26      30.4440
      27       8.2893
      28      37.0143
      29      26.9277
      30      31.1737
      31      23.3997
      32      35.6512
      33      26.1065
      34      37.3647
      35      31.6233
      36      22.6805
      37      20.3776
      38      28.1794
      39      35.0186
      40      36.0785
      41      33.0394
      42      33.9923
      43      33.3252
      44      17.1872
      45      31.9535
      46      24.8763
      47      28.3068
      48      34.1893
      49      31.3103
      50      38.2184
      51      40.4197
      52      31.8301
      53      45.4283
      54      43.0093
      55      19.0636
      56      25.0179
      57      32.1927
      58      19.8671
      59      31.0753
      60      19.4187
      61      30.3323
      62      21.8429
      63      35.5332
      64      35.7685
      65      31.3056
      66      27.5794
      67      33.0666
      68      21.9115
      69      31.5369
      70      28.6960
      71      30.2490
      72      34.3728
      73      39.0374
      74      29.7127
      75      38.7979
      76      30.4047
      77      35.7460
      78      35.8462
      79      29.5600
      80      26.7160
      81      32.6529
      82      26.2802
      83      29.8633
      84      32.3531
      85      26.6751
      86      31.6230
      87      35.2839
      88      30.0210
      89      28.0079
      90      22.7876
      91      33.6994
      92      22.5438
      93      18.2959
      94      12.1629
      95      18.5940
      96      25.0264
      97      36.0492
      98      29.8858
      99      27.9264
     100      30.2692
     101       6.2435
     102      17.0206
     103      28.0965
     104      28.5273
     105      24.2747
     106      36.8007
     107      24.7808
     108      26.9578
     109      17.3646
     110      35.6162
     111      28.9661
     112      28.7448
     113      30.7278
     114      24.3290
     115      26.4480
     116      33.6004
     117      32.3489
     118      39.2474
     119      27.3092
     120      24.9577
     121      33.2758
     122      28.4349
     123      31.0257
     124      39.5774
     125      30.7451
     126      37.5588
     127      29.1736
     128      37.3157
     129      38.7052
     130      30.1653
     131      32.1547
     132      29.2281
     133      42.3686
     134      30.4879
     135      28.7183
     136      30.4664
     137      31.0055
     138      21.0201
     139       7.0933
     140      17.2577
     141      24.4263
     142      33.6136
     143      31.3097
     144      37.1447
     145      34.3596
     146      23.3977
     147      31.3137
     148      23.8960
     149      13.0163
     150      26.5471
     151      27.6635
     152      32.6636
     153      24.5555
     154      21.4306
     155      15.5940
     156      32.4440
     157      30.0265
     158      31.9163
     159      32.6720
     160      29.8916
     161      25.8922
     162      26.7874
     163      33.0235
     164      35.6942
     165      36.3481
     166      38.8965
     167      12.0774
     168      25.1414
     169      38.9879
     170      24.0379
     171      33.9622
     172      30.1841
     173      26.1692
     174      31.7838
     175      34.2481
     176      18.6646
     177      22.1727
     178      33.5396
     179      34.4671
     180      22.8714
     181      25.4106
     182      27.0182
     183      36.5591
     184      33.7874
     185      27.4510
     186      36.9695
     187      32.7844
     188      29.2072
     189      23.1673
     190      25.1778
     191      28.0243
     192      28.4675
     193      32.9260
     194      28.0247
     195      20.3953
     196      33.6811
     197      30.3865
     198      25.6337
     199      36.0390
     200      22.5281
