#Frame      Dih_00024
       1     -29.6769
       2     -25.2859
       3     -40.9597
       4     -46.1027
       5     -33.9209
       6     -41.1204
       7     -43.8219
       8     -36.2436
       9     -39.3789
      10     -31.8975
      11     -36.6780
      12     -42.2431
      13     -42.4803
      14     -29.7592
      15     -33.7115
      16     -36.9887
      17     -36.2891
      18     -33.8191
      19     -38.4100
      20     -31.8551
      21     -30.7702
      22     -28.8053
      23     -33.4000
      24     -35.1795
      25     -24.5550
      26     -37.0861
      27     -17.4380
      28     -38.4048
      29     -25.4614
      30     -38.9951
      31     -40.2608
      32     -46.0270
      33     -31.4970
      34     -37.4330
      35     -31.7498
      36     -22.2906
      37     -33.3124
      38     -35.7416
      39     -40.1586
      40     -43.1298
      41     -32.6950
      42     -40.1142
      43     -43.6622
      44     -25.7013
      45     -40.2202
      46     -32.9921
      47     -42.8303
      48     -43.0224
      49     -43.7469
      50     -48.2831
      51     -48.7131
      52     -32.8483
      53     -45.3152
      54     -47.8089
      55     -22.8467
      56     -26.6142
      57     -37.6044
      58     -26.6268
      59     -41.2768
      60     -28.7480
      61     -37.6271
      62     -38.1782
      63     -47.7149
      64     -44.5073
      65     -42.0867
      66     -37.2650
      67     -44.2777
      68     -26.2011
      69     -43.3860
      70     -43.9676
      71     -40.5454
      72     -37.0522
      73     -37.7155
      74     -30.7412
      75     -47.3026
      76     -36.9280
      77     -40.6219
      78     -35.3320
      79     -40.8475
      80     -34.3671
      81     -41.2212
      82     -33.1029
      83     -31.4218
      84     -37.7645
      85     -37.5721
      86     -37.9563
      87     -47.1018
      88     -40.9014
      89     -41.0069
      90     -34.6162
      91     -45.2864
      92     -38.7904
      93     -29.9144
      94     -18.3812
      95     -27.7085
      96     -37.0854
      97     -48.0380
      98     -38.6773
      99     -40.4170
     100     -43.4379
     101     -26.2623
     102     -28.9563
     103     -38.6744
     104     -34.7551
     105     -42.6553
     106     -45.4219
     107     -29.8446
     108     -39.3116
     109     -26.3933
     110     -41.4797
     111     -35.6389
     112     -41.1631
     113     -31.5837
     114     -29.0196
     115     -32.6096
     116     -43.9806
     117     -35.1708
     118     -42.5642
     119     -40.8571
     120     -34.4433
     121     -32.5888
     122     -35.2426
     123     -45.2203
     124     -44.2811
     125     -29.1713
     126     -42.2281
     127     -32.3567
     128     -43.3257
     129     -44.2713
     130     -38.8671
     131     -42.3159
     132     -39.7487
     133     -46.0832
     134     -40.1255
     135     -39.6536
     136     -43.7835
     137     -37.8311
     138     -27.4413
     139     -14.4551
     140     -35.9544
     141     -31.1811
     142     -33.2868
     143     -38.9839
     144     -34.8178
     145     -30.6704
     146     -28.5286
     147     -35.7709
     148     -29.5636
     149     -21.6344
     150     -27.8190
     151     -24.9281
     152     -32.2006
     153     -34.7900
     154     -30.9367
     155     -21.1024
     156     -35.1556
     157     -32.4330
     158     -32.0924
     159     -34.7631
     160     -42.2333
     161     -36.5317
     162     -34.4182
     163     -41.5092
     164     -39.1158
     165     -37.7432
     166     -45.1241
     167     -25.5597
     168     -28.4770
     169     -45.1273
     170     -37.6160
     171     -38.1707
     172     -39.5166
     173     -36.8270
     174     -35.1441
     175     -44.7737
     176     -23.5509
     177     -25.2071
     178     -36.5068
     179     -43.8263
     180     -39.5173
     181     -45.3689
     182     -31.9830
     183     -39.7586
     184     -39.4785
     185     -33.1240
     186     -43.6509
     187     -36.2489
     188     -40.5368
     189     -32.8833
     190     -34.5479
     191     -36.1372
     192     -33.0658
     193     -42.7945
     194     -33.4397
     195     -22.4589
     196     -36.9295
     197     -35.2243
     198     -38.3241
     199     -44.1526
     200     -29.7856
