#Frame      Dih_00025
       1      29.7088
       2      29.1482
       3      30.7793
       4      35.9766
       5      34.4945
       6      41.1001
       7      34.5031
       8      27.0726
       9      30.6441
      10      21.3971
      11      37.4757
      12      49.3399
      13      36.1868
      14      20.9579
      15      25.7616
      16      36.7940
      17      30.5556
      18      30.2946
      19      29.1363
      20      21.5055
      21      44.0085
      22      24.6923
      23      15.4344
      24      21.8454
      25      13.7229
      26      28.5493
      27      20.0119
      28      28.1996
      29      11.7112
      30      34.0341
      31      45.2302
      32      38.9384
      33      21.7682
      34      22.1179
      35      21.4099
      36      15.0841
      37      35.9903
      38      33.5571
      39      30.4982
      40      35.6209
      41      19.6020
      42      29.0495
      43      36.6845
      44      22.5752
      45      32.9988
      46      31.8753
      47      39.5130
      48      37.5424
      49      41.8580
      50      42.7527
      51      37.1227
      52      17.8030
      53      25.3234
      54      29.4833
      55      17.2678
      56      19.0836
      57      30.2572
      58      24.6465
      59      39.8675
      60      28.9656
      61      31.3666
      62      39.6768
      63      36.7967
      64      35.6618
      65      38.0339
      66      33.2169
      67      37.6106
      68      21.2951
      69      41.6323
      70      41.4454
      71      39.7220
      72      24.1640
      73      20.3685
      74      21.9570
      75      33.1587
      76      29.8410
      77      31.5090
      78      23.1161
      79      38.2409
      80      30.8647
      81      30.8973
      82      27.8065
      83      23.5841
      84      27.8424
      85      35.5526
      86      31.7432
      87      37.6127
      88      35.3201
      89      39.3602
      90      34.6899
      91      37.4102
      92      40.9417
      93      29.4280
      94      17.4259
      95      24.6380
      96      33.4074
      97      44.1488
      98      34.2577
      99      36.7834
     100      37.4306
     101      39.1846
     102      31.1700
     103      35.0443
     104      26.6249
     105      42.2015
     106      35.6656
     107      27.0851
     108      36.5343
     109      26.0503
     110      35.5426
     111      27.0012
     112      40.7218
     113      20.0922
     114      20.5551
     115      25.5064
     116      41.4085
     117      23.4446
     118      29.3501
     119      42.4592
     120      31.0649
     121      20.3401
     122      30.7904
     123      40.1910
     124      33.0412
     125      18.4675
     126      28.6229
     127      22.9649
     128      36.3330
     129      35.0928
     130      33.5725
     131      35.7053
     132      37.2466
     133      31.5373
     134      33.3599
     135      37.1934
     136      40.6602
     137      28.0291
     138      22.9123
     139      18.1949
     140      42.2204
     141      25.6327
     142      19.7497
     143      31.4642
     144      19.3974
     145      14.6470
     146      20.6544
     147      24.9797
     148      24.7639
     149      22.2712
     150      18.0450
     151      14.5303
     152      22.0477
     153      31.2609
     154      28.9255
     155      18.5575
     156      23.4093
     157      20.0849
     158      20.3743
     159      25.1474
     160      39.8275
     161      33.5720
     162      31.1760
     163      34.1705
     164      26.9039
     165      23.8657
     166      34.6489
     167      29.8463
     168      20.9924
     169      32.7185
     170      35.9970
     171      30.2626
     172      34.9107
     173      33.5557
     174      25.2660
     175      39.5059
     176      19.5923
     177      15.4241
     178      26.2255
     179      37.1683
     180      41.1912
     181      48.8792
     182      24.7526
     183      32.1206
     184      30.4838
     185      23.5536
     186      31.5439
     187      25.4641
     188      35.1251
     189      29.4212
     190      30.7730
     191      32.8715
     192      30.4769
     193      36.0010
     194      23.5487
     195      17.2085
     196      27.5703
     197      26.3170
     198      34.2377
     199      34.0038
     200      24.9270
