#Frame      Dih_00026
       1     -11.1034
       2       2.5867
       3      -6.3510
       4       5.5565
       5      -6.6571
       6      -0.9260
       7      -0.2720
       8      -3.5790
       9      -1.6428
      10      -2.6875
      11      13.0952
      12      -5.9724
      13      -1.1736
      14      -9.6941
      15      -6.7328
      16       9.5159
      17       7.6292
      18       3.3147
      19      -1.0012
      20       3.0455
      21       1.9752
      22       6.6921
      23      -7.6466
      24      -5.3468
      25       6.5380
      26       6.8742
      27       5.7292
      28       7.2964
      29      -5.5191
      30      -0.3088
      31      -0.6842
      32       3.4911
      33       2.0683
      34       2.6696
      35       1.3384
      36       0.8738
      37      -7.5283
      38       4.9785
      39       4.8043
      40       2.9178
      41       7.7796
      42       3.8074
      43      -1.7177
      44      -9.2577
      45       7.4576
      46       6.6511
      47      -1.9921
      48       1.1474
      49       6.6055
      50      -2.3307
      51      -4.0725
      52      -8.1533
      53      -3.4173
      54      -4.9542
      55     -13.8980
      56      -4.9539
      57      -7.0344
      58      -0.8271
      59       6.6296
      60       2.9354
      61       2.4565
      62       5.6132
      63     -10.6145
      64      -3.7712
      65      12.3527
      66       6.6727
      67      -7.0712
      68       1.8430
      69      -3.1105
      70     -11.8271
      71      -3.1057
      72      -5.2718
      73      -8.1856
      74      -4.2719
      75       0.2865
      76       7.7826
      77       5.1942
      78       3.7682
      79       3.0754
      80     -11.8633
      81     -10.2791
      82      13.3577
      83      10.4973
      84      -1.4511
      85      -5.7916
      86      -9.5436
      87      -7.1044
      88       4.1998
      89      -2.4705
      90       6.9251
      91      -5.0349
      92      -5.5689
      93       0.7697
      94      -4.4706
      95     -12.1015
      96      -4.4505
      97       2.1916
      98      -8.9364
      99      -7.3174
     100       8.4507
     101       4.2611
     102      -7.6461
     103       6.4767
     104      16.6314
     105      -6.1845
     106       0.5429
     107       9.1492
     108       7.9639
     109      -0.1647
     110      -6.5841
     111      -7.0817
     112      -8.7367
     113      -0.8655
     114       5.1923
     115       0.8046
     116      -4.8945
     117       6.5512
     118      15.3636
     119       0.9001
     120      -1.5589
     121       1.2813
     122       6.6546
     123      -8.4077
     124      -8.1090
     125       9.0818
     126       7.4304
     127       0.7363
     128       0.7289
     129       0.9973
     130       0.0255
     131       4.3640
     132      -1.9708
     133       3.5941
     134      -1.7917
     135       3.7580
     136       0.8783
     137       1.2982
     138       8.5161
     139     -12.7813
     140     -23.8417
     141      -4.3346
     142      -2.8955
     143      -4.2516
     144      13.9600
     145      -1.1758
     146      -5.0877
     147      -6.1422
     148     -12.0476
     149      -3.0413
     150     -11.7634
     151      -2.0049
     152       3.1322
     153       1.1564
     154       8.3622
     155      13.7920
     156       4.9491
     157      -8.5958
     158      -7.5939
     159      -1.6822
     160      -1.6565
     161      -3.6757
     162      -5.6447
     163       7.6024
     164       4.9234
     165      -0.7108
     166      -5.1892
     167      -5.4531
     168      -1.5090
     169       6.5698
     170       0.2624
     171      -7.0662
     172       0.4230
     173       5.6378
     174       2.1515
     175      -7.6056
     176     -14.9123
     177      -7.9470
     178      15.7956
     179      -2.5934
     180      -7.5898
     181      -7.8587
     182      -4.1184
     183      -7.0927
     184      -6.9227
     185      -3.6868
     186      -9.1985
     187      -0.2431
     188     -14.7780
     189     -16.9683
     190       2.9834
     191      -6.7769
     192     -15.1978
     193      12.8327
     194      -6.4175
     195      -8.6032
     196       2.7584
     197      -6.0292
     198     -15.2709
     199       1.6364
     200      -0.7578
