#Frame      Dih_00027
       1     -12.3552
       2     -28.4057
       3     -18.2916
       4     -25.5097
       5     -16.3622
       6     -10.2865
       7     -21.5243
       8     -13.4653
       9     -18.8461
      10     -11.8178
      11     -28.4537
      12     -18.4066
      13     -18.8132
      14      -9.1267
      15     -17.6100
      16     -29.8836
      17     -27.0584
      18     -28.8379
      19     -21.1846
      20     -21.9112
      21     -22.6248
      22     -21.7429
      23     -15.8060
      24     -17.3737
      25     -26.9299
      26     -29.4472
      27     -25.9055
      28     -26.7593
      29     -17.6436
      30     -20.3490
      31     -24.8876
      32     -22.8224
      33     -21.8322
      34     -27.7850
      35     -26.1677
      36     -19.0497
      37     -18.2380
      38     -30.0432
      39     -22.4869
      40     -20.1142
      41     -33.6911
      42     -24.7375
      43     -22.7157
      44     -15.0423
      45     -26.1415
      46     -31.1745
      47     -22.5942
      48     -21.9436
      49     -32.1158
      50     -19.2703
      51     -19.8305
      52     -19.6051
      53     -15.9599
      54     -18.8344
      55     -17.4976
      56     -17.3188
      57     -17.6093
      58     -19.6610
      59     -24.3154
      60     -24.2073
      61     -28.0030
      62     -25.7972
      63     -15.2379
      64     -16.7906
      65     -26.3443
      66     -28.8184
      67     -17.1547
      68     -14.9461
      69     -18.8837
      70     -21.2248
      71     -20.0297
      72     -12.1764
      73     -15.7084
      74     -11.7164
      75     -23.7400
      76     -24.2805
      77     -29.1106
      78     -22.5448
      79     -22.9767
      80     -12.3752
      81      -1.4445
      82     -34.8776
      83     -26.2966
      84     -17.9655
      85     -10.9235
      86     -15.5425
      87      -5.8260
      88     -27.6692
      89     -23.0867
      90     -23.4925
      91     -21.7982
      92     -22.5572
      93     -19.4488
      94     -10.5911
      95     -10.1719
      96     -23.5177
      97     -22.7603
      98     -19.2419
      99     -15.7907
     100     -25.3816
     101     -27.4532
     102     -18.4610
     103     -18.2533
     104     -32.7515
     105     -17.2423
     106     -23.8245
     107     -30.4450
     108     -34.0119
     109     -26.3364
     110      -8.3375
     111      -1.9608
     112     -12.3958
     113     -20.8681
     114     -22.0584
     115     -26.4845
     116     -22.2596
     117     -18.6760
     118     -37.9617
     119     -23.3070
     120     -23.2128
     121     -21.3558
     122     -23.4869
     123     -21.7320
     124     -15.9252
     125     -34.0188
     126     -31.4624
     127     -21.4886
     128     -28.7091
     129     -22.9624
     130     -21.2717
     131     -22.6049
     132     -22.8598
     133     -27.0569
     134     -22.6555
     135     -22.6215
     136     -23.0783
     137     -23.7219
     138     -35.0993
     139     -10.8217
     140       0.7271
     141     -11.1776
     142     -17.4761
     143     -20.6482
     144     -30.5785
     145     -22.9937
     146     -18.1238
     147     -13.0992
     148      -9.3834
     149     -23.6187
     150      -6.9156
     151     -28.1440
     152     -27.9552
     153     -25.7521
     154     -26.5245
     155     -32.8178
     156     -28.4733
     157     -15.0671
     158     -16.8752
     159     -23.5204
     160     -18.3954
     161     -20.5846
     162     -17.4308
     163     -30.1048
     164     -26.1301
     165     -24.7661
     166     -18.0637
     167     -23.5523
     168     -21.2212
     169     -25.8347
     170     -24.2663
     171     -16.9651
     172     -18.5130
     173     -33.8872
     174     -24.8844
     175     -15.4784
     176     -10.9523
     177     -15.6412
     178     -36.4064
     179     -22.6214
     180     -13.3852
     181     -16.4753
     182     -12.4854
     183     -15.2969
     184     -15.2022
     185     -21.1434
     186     -15.4284
     187     -26.2671
     188     -10.1493
     189      -4.0085
     190     -32.7329
     191     -16.0408
     192      -8.6817
     193     -28.7007
     194     -13.5181
     195     -16.6748
     196     -21.0830
     197     -21.7846
     198      -8.2876
     199     -20.0314
     200     -20.0397
