#Frame      Dih_00028
       1      28.5373
       2      40.3133
       3      34.3222
       4      32.9385
       5      29.5432
       6      17.2727
       7      33.1023
       8      24.2142
       9      29.1860
      10      21.0474
      11      29.0673
      12      30.5596
      13      29.4366
      14      23.4801
      15      32.5976
      16      33.2803
      17      31.6948
      18      42.5648
      19      32.8368
      20      30.8232
      21      29.9770
      22      26.8340
      23      30.9079
      24      31.5407
      25      35.2999
      26      37.3555
      27      36.5148
      28      34.3260
      29      31.3401
      30      29.2735
      31      37.4021
      32      31.6237
      33      32.0032
      34      38.8974
      35      36.0547
      36      27.7707
      37      34.6394
      38      40.7899
      39      29.9482
      40      27.7623
      41      45.1814
      42      31.7820
      43      35.1777
      44      32.3451
      45      31.9308
      46      39.5256
      47      36.2912
      48      32.2213
      49      41.2055
      50      31.9588
      51      33.9027
      52      35.4875
      53      27.0871
      54      33.7139
      55      39.0780
      56      31.8613
      57      33.8298
      58      30.2656
      59      30.5257
      60      35.9642
      61      39.1067
      62      33.4829
      63      33.9502
      64      27.4278
      65      28.7634
      66      36.9501
      67      32.8880
      68      20.8223
      69      29.3019
      70      42.5070
      71      33.6913
      72      22.1660
      73      31.9846
      74      22.5980
      75      35.9208
      76      30.4116
      77      40.0991
      78      30.1291
      79      32.8924
      80      28.4863
      81      11.9689
      82      40.0578
      83      29.8316
      84      28.7284
      85      22.6076
      86      29.3928
      87      15.2566
      88      37.4451
      89      36.0117
      90      29.4395
      91      36.0137
      92      37.9452
      93      28.5152
      94      19.5448
      95      25.8244
      96      39.2567
      97      33.2562
      98      37.1171
      99      32.0246
     100      31.2892
     101      38.3958
     102      33.3037
     103      23.9331
     104      34.4951
     105      31.4555
     106      38.0123
     107      39.0220
     108      45.5823
     109      38.9944
     110      18.7057
     111       9.3831
     112      25.8464
     113      33.6637
     114      28.5477
     115      39.5116
     116      38.8421
     117      24.6076
     118      44.8532
     119      34.3844
     120      36.4488
     121      31.8321
     122      30.0609
     123      41.1670
     124      31.4570
     125      45.3923
     126      42.7195
     127      32.7870
     128      44.4390
     129      35.2173
     130      33.1247
     131      30.4189
     132      35.7846
     133      37.7662
     134      36.5549
     135      31.8386
     136      35.2131
     137      34.5694
     138      43.5871
     139      27.4176
     140      20.6642
     141      20.5869
     142      29.1421
     143      34.2129
     144      37.3193
     145      34.9379
     146      33.0649
     147      25.6125
     148      24.3550
     149      37.8360
     150      22.8981
     151      40.4161
     152      40.0346
     153      39.5414
     154      31.9800
     155      37.7999
     156      38.7022
     157      31.0017
     158      31.6286
     159      35.8018
     160      31.0094
     161      33.0381
     162      31.0610
     163      37.7153
     164      35.4123
     165      40.3890
     166      31.8261
     167      38.9741
     168      34.4393
     169      32.0885
     170      34.7574
     171      32.0783
     172      28.1052
     173      44.3098
     174      39.2467
     175      29.0432
     176      30.4605
     177      30.8053
     178      40.4257
     179      37.8193
     180      27.0066
     181      31.9394
     182      22.1680
     183      29.6514
     184      29.3806
     185      36.2050
     186      29.6311
     187      38.5687
     188      30.3967
     189      20.6126
     190      45.3386
     191      30.6149
     192      25.8015
     193      32.9998
     194      26.0835
     195      31.2184
     196      29.9514
     197      38.1188
     198      27.3590
     199      28.4380
     200      30.5848
