#Frame      Dih_00029
       1     -37.1223
       2     -38.2921
       3     -39.8966
       4     -31.6999
       5     -32.5831
       6     -18.0948
       7     -34.7756
       8     -28.2698
       9     -30.0946
      10     -22.9067
      11     -23.6961
      12     -37.6298
      13     -31.0504
      14     -27.7204
      15     -37.3990
      16     -30.0034
      17     -28.9834
      18     -40.4857
      19     -32.8785
      20     -29.3113
      21     -30.1552
      22     -25.4267
      23     -36.2328
      24     -34.6787
      25     -31.6434
      26     -34.6304
      27     -34.9954
      28     -28.9724
      29     -34.2583
      30     -31.5528
      31     -41.7318
      32     -30.2198
      33     -31.2772
      34     -40.4414
      35     -37.2327
      36     -28.5421
      37     -40.5175
      38     -38.5714
      39     -27.4247
      40     -25.0888
      41     -40.9062
      42     -32.4555
      43     -40.0651
      44     -35.1078
      45     -27.0219
      46     -39.8306
      47     -40.7853
      48     -33.6811
      49     -34.5058
      50     -35.4954
      51     -39.3709
      52     -42.9380
      53     -32.9411
      54     -37.1631
      55     -49.8622
      56     -37.8621
      57     -39.6825
      58     -31.4534
      59     -27.4040
      60     -33.9035
      61     -40.4806
      62     -31.4131
      63     -39.5943
      64     -32.1545
      65     -21.9546
      66     -33.8415
      67     -36.3425
      68     -20.2493
      69     -31.4995
      70     -49.9533
      71     -34.7216
      72     -26.4000
      73     -38.7091
      74     -25.2843
      75     -37.2645
      76     -26.3274
      77     -36.9615
      78     -31.6308
      79     -33.1622
      80     -34.5180
      81     -18.3810
      82     -35.5978
      83     -24.0030
      84     -28.8803
      85     -26.3546
      86     -35.3519
      87     -19.8682
      88     -36.3630
      89     -40.0531
      90     -27.4729
      91     -42.2512
      92     -40.9554
      93     -27.7192
      94     -23.6096
      95     -34.5274
      96     -42.5568
      97     -33.7679
      98     -44.7909
      99     -37.5603
     100     -26.9626
     101     -37.0184
     102     -38.8019
     103     -19.7586
     104     -24.5460
     105     -35.4227
     106     -36.1382
     107     -33.2762
     108     -40.2225
     109     -39.2287
     110     -23.5603
     111     -13.1447
     112     -32.0981
     113     -35.4746
     114     -26.8061
     115     -40.9638
     116     -43.2420
     117     -21.0256
     118     -38.0149
     119     -35.3929
     120     -36.7364
     121     -32.6367
     122     -26.7681
     123     -49.5030
     124     -39.7165
     125     -42.2470
     126     -41.5548
     127     -33.4495
     128     -41.5849
     129     -35.6367
     130     -33.7712
     131     -27.0036
     132     -39.7489
     133     -37.7095
     134     -39.5486
     135     -30.6167
     136     -34.7368
     137     -35.2059
     138     -41.6256
     139     -36.2962
     140     -36.2221
     141     -22.6232
     142     -32.7135
     143     -39.8109
     144     -31.0338
     145     -36.5024
     146     -37.2336
     147     -32.0722
     148     -34.0385
     149     -37.7261
     150     -29.0365
     151     -48.1936
     152     -38.4472
     153     -38.2706
     154     -29.3567
     155     -31.2251
     156     -37.0574
     157     -35.5727
     158     -39.0720
     159     -38.1969
     160     -32.2152
     161     -34.3619
     162     -37.7358
     163     -36.5706
     164     -32.6744
     165     -39.9596
     166     -35.9809
     167     -44.5055
     168     -34.8177
     169     -28.3178
     170     -36.4761
     171     -35.5590
     172     -28.8304
     173     -42.1607
     174     -40.1448
     175     -34.3774
     176     -40.5911
     177     -35.3785
     178     -34.7812
     179     -40.8012
     180     -31.3796
     181     -36.8318
     182     -27.0628
     183     -36.7100
     184     -33.2855
     185     -39.6284
     186     -38.1240
     187     -41.4528
     188     -42.4541
     189     -30.1186
     190     -46.4746
     191     -38.0693
     192     -37.9827
     193     -26.0158
     194     -31.7830
     195     -40.6085
     196     -30.6497
     197     -40.3312
     198     -35.7579
     199     -28.2399
     200     -34.3903
