#Frame      Dih_00030
       1      30.6515
       2      24.4070
       3      27.8600
       4      16.5268
       5      26.3308
       6      11.4966
       7      22.3389
       8      19.6551
       9      21.2037
      10      16.3998
      11       7.9605
      12      27.8679
      13      21.0049
      14      23.4806
      15      28.1890
      16      12.7725
      17      13.0017
      18      23.6007
      19      21.6579
      20      17.9728
      21      18.6473
      22      11.7570
      23      29.7530
      24      26.3993
      25      16.2906
      26      17.9419
      27      17.7911
      28      14.8458
      29      26.9967
      30      19.3840
      31      26.6639
      32      18.3718
      33      19.0245
      34      23.6657
      35      23.4139
      36      18.2531
      37      30.2190
      38      20.3391
      39      14.3962
      40      15.1088
      41      22.0701
      42      17.9444
      43      26.5862
      44      30.2252
      45      13.9642
      46      20.7041
      47      26.3436
      48      20.5513
      49      19.1351
      50      23.0256
      51      26.6452
      52      32.4699
      53      24.2024
      54      27.7118
      55      39.5899
      56      26.1426
      57      29.8095
      58      20.4661
      59      13.5478
      60      19.9378
      61      23.9421
      62      17.1729
      63      31.9477
      64      23.3971
      65       6.5628
      66      17.5993
      67      26.8344
      68      12.2799
      69      22.1005
      70      36.5769
      71      24.6966
      72      20.8473
      73      29.6079
      74      18.6304
      75      23.5261
      76      12.4071
      77      21.8034
      78      17.5950
      79      18.3747
      80      30.7467
      81      18.4688
      82      13.6537
      83       8.6772
      84      19.5107
      85      20.0605
      86      28.9940
      87      16.7050
      88      21.6086
      89      27.8053
      90      12.7655
      91      31.0481
      92      29.1812
      93      17.0956
      94      17.0279
      95      29.0530
      96      29.1826
      97      19.1254
      98      33.7887
      99      29.0834
     100      12.4806
     101      21.6170
     102      29.2245
     103       9.0200
     104       5.7473
     105      25.6270
     106      22.5350
     107      14.8324
     108      20.2938
     109      24.8672
     110      18.6882
     111      12.8923
     112      26.2649
     113      23.8995
     114      14.0289
     115      25.5856
     116      31.5926
     117       8.0141
     118      13.5711
     119      21.6725
     120      24.3848
     121      19.7216
     122      12.6527
     123      35.1511
     124      31.2454
     125      20.2089
     126      19.9026
     127      20.3650
     128      25.7468
     129      21.2135
     130      20.9630
     131      14.0948
     132      26.5092
     133      22.1739
     134      25.9158
     135      16.7374
     136      20.6414
     137      22.2713
     138      22.1007
     139      29.9767
     140      37.8144
     141      17.1782
     142      22.5142
     143      28.4273
     144      10.3744
     145      25.6177
     146      26.5628
     147      24.1471
     148      29.2202
     149      26.6470
     150      24.8679
     151      32.0484
     152      23.5651
     153      23.9618
     154      13.7136
     155      10.6355
     156      21.5836
     157      29.1274
     158      28.9670
     159      25.0490
     160      22.3268
     161      24.7770
     162      27.9254
     163      18.8587
     164      18.0050
     165      26.1613
     166      26.0799
     167      32.3317
     168      23.1858
     169      14.1411
     170      23.0545
     171      27.7862
     172      19.2706
     173      23.7074
     174      22.1719
     175      27.1642
     176      35.1471
     177      28.3184
     178      12.0056
     179      26.6267
     180      25.4142
     181      29.2471
     182      19.3379
     183      28.2836
     184      25.9187
     185      26.9024
     186      31.4897
     187      25.8500
     188      34.4535
     189      30.7021
     190      26.1966
     191      27.4592
     192      33.9968
     193       8.2593
     194      24.5169
     195      31.0381
     196      16.7673
     197      30.9622
     198      33.2593
     199      16.4062
     200      21.5495
