#Frame      Dih_00031
       1      -9.7908
       2      -1.7464
       3       2.3540
       4      -9.3076
       5     -21.9970
       6      -8.0163
       7     -12.1484
       8      -5.6047
       9      -3.0764
      10      13.9633
      11      -0.6373
      12     -21.1650
      13       4.7429
      14      -1.3070
      15      -1.1877
      16      -3.5088
      17      14.0809
      18      12.3335
      19      -7.0455
      20      -2.6400
      21     -10.6624
      22       7.1354
      23      -8.3921
      24      -7.5379
      25      10.6288
      26       1.3821
      27      -7.0741
      28      13.7694
      29       7.4667
      30      11.4486
      31       4.1306
      32      -1.0753
      33      -8.9694
      34      -8.8336
      35       5.9024
      36      18.3593
      37       8.9355
      38       0.4809
      39       1.3708
      40      19.4437
      41      -5.8997
      42      11.7245
      43       9.7528
      44      -1.7734
      45       3.0118
      46       8.9994
      47       2.9079
      48      13.9274
      49     -10.9388
      50      -8.0434
      51      13.1216
      52      11.7444
      53      -8.1444
      54      -1.4220
      55       7.5569
      56       2.0420
      57       0.8702
      58       5.1711
      59       5.3476
      60       9.5894
      61       7.3531
      62       1.1916
      63      10.3831
      64      -0.8609
      65      -8.3735
      66      11.5975
      67       1.3080
      68      -1.7631
      69       7.4733
      70       0.0514
      71      -1.9807
      72      -1.1939
      73       2.1749
      74      13.1089
      75       1.1158
      76      -6.2638
      77       7.4289
      78       3.3164
      79      -5.5171
      80      13.9245
      81      -0.6760
      82      -3.0140
      83      12.6989
      84       4.9062
      85      -2.0609
      86      -3.0225
      87       0.8102
      88     -17.4432
      89       8.9348
      90       7.1622
      91      -1.4293
      92       7.1402
      93     -13.7805
      94       4.9975
      95      10.3632
      96      -5.9968
      97       3.4404
      98      13.9783
      99       2.6476
     100      -0.8130
     101      -0.7465
     102       4.7858
     103       2.6416
     104       1.6649
     105       5.4595
     106      -0.2157
     107      15.5670
     108      -1.6738
     109      -3.9779
     110     -10.8792
     111      -0.3521
     112       4.1640
     113       0.5962
     114       1.9756
     115      -0.9636
     116     -14.6901
     117      -8.5308
     118       4.0180
     119      -0.8459
     120      -3.3634
     121       2.3352
     122       4.9049
     123       3.7184
     124      -3.7954
     125       6.8924
     126      -3.1205
     127      -3.4866
     128       5.6931
     129      18.3186
     130       9.3886
     131      -5.5322
     132       1.4951
     133     -10.5775
     134      -4.1471
     135       5.8802
     136      -8.9313
     137     -12.2778
     138      -9.5013
     139      -1.4212
     140      -1.4054
     141     -20.6513
     142     -27.9162
     143      -5.4224
     144      -0.3959
     145      -9.4184
     146       8.9240
     147       4.8389
     148      -5.2922
     149       4.4093
     150      -1.8542
     151     -16.8121
     152     -11.6180
     153      -1.9473
     154      -6.4990
     155      -5.8363
     156      -2.6836
     157     -17.3839
     158     -33.7986
     159     -24.8782
     160     -20.4715
     161     -29.4971
     162     -12.8561
     163     -30.2454
     164     -28.9298
     165     -14.0017
     166     -12.1986
     167     -15.6394
     168     -13.8744
     169      -3.9254
     170      -1.0700
     171     -23.6184
     172     -23.1428
     173      -4.6748
     174     -11.6324
     175      -6.9853
     176     -23.3067
     177     -31.3568
     178     -25.2715
     179     -12.5381
     180     -17.7864
     181     -36.5744
     182     -27.9313
     183     -29.7358
     184     -39.3906
     185     -13.0398
     186      -7.4695
     187     -23.5975
     188     -23.8994
     189     -25.8024
     190     -31.6071
     191     -22.8269
     192     -29.2795
     193     -30.3252
     194     -34.3273
     195     -28.9085
     196     -35.6932
     197     -29.0607
     198      -8.4330
     199     -22.2986
     200     -19.4245
