#Frame      Dih_00032
       1     -10.8658
       2     -24.8858
       3     -28.3510
       4     -15.2554
       5      -2.9222
       6     -17.6076
       7     -11.8592
       8     -20.1034
       9     -23.5366
      10     -34.1558
      11     -20.0582
      12     -12.2712
      13     -25.2521
      14     -22.5678
      15     -28.2453
      16     -19.9415
      17     -39.4026
      18     -27.8005
      19     -23.7101
      20     -21.2618
      21     -11.2545
      22     -34.7552
      23     -10.3236
      24     -20.4220
      25     -27.9417
      26     -19.7656
      27     -17.7046
      28     -29.7960
      29     -34.5746
      30     -24.6251
      31     -29.2321
      32     -24.9239
      33     -12.9085
      34     -19.1542
      35     -25.8754
      36     -38.6932
      37     -33.0691
      38     -20.2085
      39     -25.2188
      40     -38.1881
      41     -11.8743
      42     -31.2650
      43     -31.3189
      44     -21.7677
      45     -24.1751
      46     -26.2954
      47     -24.9177
      48     -34.7958
      49     -13.3106
      50     -13.4894
      51     -32.7727
      52     -31.9970
      53     -14.6798
      54     -18.3144
      55     -27.1646
      56     -21.3609
      57     -22.8640
      58     -28.2654
      59     -16.8668
      60     -28.5312
      61     -30.5566
      62     -16.8316
      63     -38.3226
      64     -20.7776
      65     -12.2002
      66     -35.4890
      67     -24.5664
      68     -25.0034
      69     -28.7912
      70     -19.9117
      71     -26.3370
      72     -21.8170
      73     -23.4516
      74     -34.3618
      75     -21.5627
      76     -20.4605
      77     -27.8189
      78     -16.5027
      79     -23.8585
      80     -32.5729
      81     -19.4983
      82     -22.5900
      83     -33.6017
      84     -27.4743
      85     -22.9796
      86     -21.9855
      87     -23.1832
      88      -6.7845
      89     -26.4134
      90     -28.9469
      91     -18.6532
      92     -20.8240
      93     -11.1669
      94     -30.8924
      95     -31.3790
      96     -13.2944
      97     -23.6452
      98     -32.6411
      99     -23.7201
     100     -20.2975
     101     -22.5128
     102     -27.5046
     103     -21.4802
     104     -17.6654
     105     -22.8888
     106     -21.8204
     107     -35.7902
     108     -18.2110
     109     -18.8764
     110      -7.2586
     111     -14.4370
     112     -20.7517
     113     -21.0798
     114     -27.7780
     115     -16.9887
     116      -1.7659
     117      -8.3850
     118     -29.0391
     119     -21.7927
     120     -20.2025
     121     -28.7793
     122     -23.9801
     123     -20.3777
     124     -19.4290
     125     -29.2107
     126     -21.5169
     127     -13.2295
     128     -15.7316
     129     -38.5477
     130     -30.7602
     131     -15.0314
     132     -23.7526
     133     -12.2908
     134     -16.7346
     135     -21.8221
     136     -15.2262
     137      -9.0761
     138      -0.7448
     139     -24.1855
     140     -22.6121
     141      -2.0865
     142       0.0107
     143      -9.9039
     144     -22.5027
     145      -6.9002
     146     -23.2072
     147     -26.5173
     148     -19.1351
     149     -26.4430
     150     -12.5366
     151      -4.2648
     152     -17.4959
     153     -17.0002
     154      -8.4854
     155     -13.4115
     156     -25.4837
     157       1.2749
     158      34.9368
     159      31.6774
     160      39.3998
     161      34.4171
     162      28.7422
     163      40.9417
     164      29.4544
     165      16.9300
     166      17.4464
     167      29.3809
     168      24.7676
     169      19.0178
     170      16.7505
     171      32.2514
     172      21.4284
     173      20.6338
     174      19.8933
     175      12.5858
     176      30.1779
     177      40.1781
     178      34.1968
     179      19.2665
     180      28.7943
     181      42.2268
     182      40.3011
     183      36.6726
     184      34.9753
     185      24.3590
     186      13.7897
     187      31.8799
     188      31.6097
     189      37.5077
     190      33.1680
     191      38.0563
     192      36.7631
     193      28.8150
     194      33.1875
     195      34.5191
     196      46.1313
     197      43.7965
     198      27.2634
     199      25.0540
     200      30.2968
