#Frame      Dih_00033
       1      24.7898
       2      39.2908
       3      41.0583
       4      31.4266
       5      23.8518
       6      33.6196
       7      28.0447
       8      34.7842
       9      40.3624
      10      36.6422
      11      30.1227
      12      37.5998
      13      32.5304
      14      35.8800
      15      43.3632
      16      32.8372
      17      43.7743
      18      31.4125
      19      40.8629
      20      36.2596
      21      27.6509
      22      41.6000
      23      24.4283
      24      37.8796
      25      32.1787
      26      28.5249
      27      32.5017
      28      32.2027
      29      46.7780
      30      26.7930
      31      40.0405
      32      37.8170
      33      29.3019
      34      35.8640
      35      33.7990
      36      42.4837
      37      40.7677
      38      30.8406
      39      38.0087
      40      40.0767
      41      22.3166
      42      35.2554
      43      38.7770
      44      33.1107
      45      33.2565
      46      30.9386
      47      34.0848
      48      40.1481
      49      29.2260
      50      28.3048
      51      36.5744
      52      41.3106
      53      30.0026
      54      28.1622
      55      34.0467
      56      30.4554
      57      33.2072
      58      37.8942
      59      21.4230
      60      34.6980
      61      38.0998
      62      24.4739
      63      47.7066
      64      32.4172
      65      27.8467
      66      40.8962
      67      36.7450
      68      40.0507
      69      34.7057
      70      30.3033
      71      42.9953
      72      33.1668
      73      33.4532
      74      39.9706
      75      32.8978
      76      37.0120
      77      34.4540
      78      22.7725
      79      39.9647
      80      36.7825
      81      29.6233
      82      35.7118
      83      37.7351
      84      37.5492
      85      39.2591
      86      33.8293
      87      35.1687
      88      25.5295
      89      32.3371
      90      37.4906
      91      30.6696
      92      24.1333
      93      29.8260
      94      41.5657
      95      35.6576
      96      24.8536
      97      33.2369
      98      35.1632
      99      34.2391
     100      31.1196
     101      34.7417
     102      37.7862
     103      28.1628
     104      25.0872
     105      29.0654
     106      32.5387
     107      42.0347
     108      29.1338
     109      32.7252
     110      21.4632
     111      21.1034
     112      27.8727
     113      30.3355
     114      40.2947
     115      27.3641
     116      16.2123
     117      19.8513
     118      41.0443
     119      33.5935
     120      34.4452
     121      39.8075
     122      30.9721
     123      26.7072
     124      32.7826
     125      39.5992
     126      34.8777
     127      23.3107
     128      17.8803
     129      40.9246
     130      37.7573
     131      28.0086
     132      33.2662
     133      27.4573
     134      30.3850
     135      25.7166
     136      32.5642
     137      25.1424
     138       9.4025
     139      37.3365
     140      38.1537
     141      21.3721
     142      25.0641
     143      19.3059
     144      34.7124
     145      19.0683
     146      27.2431
     147      35.6565
     148      34.7819
     149      34.6540
     150      19.9694
     151      21.4846
     152      37.8161
     153      27.2172
     154      17.9722
     155      26.2420
     156      42.3754
     157      13.4199
     158     -23.0116
     159     -26.0210
     160     -40.3485
     161     -26.5424
     162     -30.5589
     163     -34.0325
     164     -18.8914
     165     -12.8147
     166     -16.1254
     167     -31.4777
     168     -23.6663
     169     -26.1676
     170     -24.6425
     171     -26.1210
     172     -10.6097
     173     -25.1348
     174     -19.1499
     175     -12.0274
     176     -25.3985
     177     -34.5690
     178     -30.4032
     179     -18.5998
     180     -27.3646
     181     -26.0800
     182     -32.5622
     183     -28.1554
     184     -14.8590
     185     -23.7379
     186     -14.8212
     187     -26.5587
     188     -26.7472
     189     -33.9195
     190     -20.9971
     191     -36.6636
     192     -28.4053
     193     -15.4828
     194     -20.0558
     195     -25.4564
     196     -34.2883
     197     -39.7303
     198     -34.7594
     199     -18.0703
     200     -27.9772
