#Frame      Dih_00034
       1     -32.1908
       2     -44.5697
       3     -40.5299
       4     -37.8028
       5     -39.5529
       6     -39.1685
       7     -36.2124
       8     -40.6188
       9     -40.8059
      10     -32.3996
      11     -34.2750
      12     -46.2929
      13     -33.8976
      14     -37.8086
      15     -43.8685
      16     -39.1103
      17     -34.0420
      18     -23.5451
      19     -48.0261
      20     -38.0946
      21     -33.5129
      22     -43.7717
      23     -28.2862
      24     -42.8206
      25     -29.1683
      26     -28.0668
      27     -38.5028
      28     -27.5883
      29     -42.7627
      30     -21.7226
      31     -41.3265
      32     -39.3310
      33     -35.1415
      34     -44.5011
      35     -30.9245
      36     -32.9116
      37     -40.7970
      38     -31.5922
      39     -37.8935
      40     -33.0644
      41     -27.1236
      42     -31.2292
      43     -35.4275
      44     -35.5553
      45     -32.1135
      46     -26.2400
      47     -33.5530
      48     -33.7368
      49     -36.2933
      50     -34.0003
      51     -30.1672
      52     -33.4988
      53     -35.3151
      54     -29.8701
      55     -31.1106
      56     -30.7240
      57     -36.4163
      58     -37.9731
      59     -18.1758
      60     -32.0707
      61     -36.6564
      62     -23.7200
      63     -45.7543
      64     -32.0457
      65     -33.8015
      66     -35.7088
      67     -37.2790
      68     -43.8473
      69     -31.1503
      70     -31.2683
      71     -44.5121
      72     -35.6128
      73     -33.3807
      74     -33.0736
      75     -32.0731
      76     -41.6528
      77     -32.0751
      78     -22.3209
      79     -43.4177
      80     -30.4733
      81     -29.9244
      82     -38.4456
      83     -31.5924
      84     -33.6826
      85     -41.4181
      86     -38.4778
      87     -37.7905
      88     -33.8129
      89     -30.2960
      90     -34.1545
      91     -29.6095
      92     -22.3582
      93     -36.6579
      94     -37.9588
      95     -32.4928
      96     -28.8004
      97     -32.3312
      98     -29.6870
      99     -36.1278
     100     -31.1767
     101     -35.5630
     102     -36.8364
     103     -26.0687
     104     -25.8406
     105     -27.1237
     106     -34.3229
     107     -35.5014
     108     -30.6664
     109     -36.5783
     110     -27.7683
     111     -22.4061
     112     -26.1027
     113     -30.1572
     114     -39.0961
     115     -27.8422
     116     -27.1330
     117     -24.9552
     118     -37.9827
     119     -35.6763
     120     -38.1728
     121     -39.2676
     122     -30.5099
     123     -26.8048
     124     -33.8119
     125     -37.7292
     126     -36.9259
     127     -26.3956
     128     -14.5751
     129     -30.9840
     130     -30.9479
     131     -32.3676
     132     -34.4925
     133     -30.3711
     134     -35.1219
     135     -24.2462
     136     -35.6793
     137     -33.5530
     138     -16.1719
     139     -36.7351
     140     -37.8822
     141     -34.9634
     142     -40.5976
     143     -22.1834
     144     -37.7645
     145     -24.7745
     146     -22.0624
     147     -34.5107
     148     -36.7897
     149     -32.0937
     150     -22.5586
     151     -31.2114
     152     -41.7993
     153     -29.8528
     154     -22.4152
     155     -30.5295
     156     -42.4472
     157     -25.0249
     158       3.4402
     159      14.6594
     160      28.1972
     161       8.9932
     162      25.5655
     163      16.7056
     164       3.5361
     165       4.3723
     166      10.3788
     167      22.2526
     168      17.7647
     169      23.5410
     170      25.0695
     171      12.0367
     172      -3.2301
     173      22.9522
     174      13.1172
     175       8.2901
     176      13.0011
     177      17.1608
     178      17.5301
     179      11.8127
     180      16.8437
     181       6.5328
     182      17.1982
     183      11.5248
     184      -8.6905
     185      16.2863
     186      10.6416
     187      13.9314
     188      14.9137
     189      20.4825
     190       4.2173
     191      23.6704
     192      11.8068
     193      -2.2503
     194       0.7409
     195      10.6097
     196      13.7589
     197      23.9315
     198      30.8604
     199       5.5123
     200      19.2488
