#Frame      Dih_00035
       1      26.4037
       2      29.0312
       3      24.5147
       4      30.4926
       5      36.8961
       6      31.9292
       7      29.4064
       8      29.7814
       9      29.5645
      10      12.0925
      11      22.0198
      12      44.9297
      13      18.3538
      14      24.8302
      15      29.9370
      16      24.6011
      17      14.3462
      18       7.3879
      19      33.8158
      20      25.9280
      21      28.8589
      22      23.0852
      23      23.6992
      24      31.9172
      25      11.8174
      26      17.1879
      27      29.5853
      28       8.8565
      29      23.3073
      30       6.1360
      31      23.9733
      32      26.5385
      33      27.3015
      34      33.2630
      35      16.0892
      36       8.5679
      37      20.1674
      38      20.2899
      39      22.4954
      40       8.2417
      41      22.2323
      42      12.9644
      43      16.7303
      44      23.9140
      45      17.9407
      46      11.7494
      47      19.7630
      48      12.8396
      49      29.8101
      50      27.4085
      51      11.7212
      52      13.8591
      53      27.5276
      54      19.8044
      55      16.9973
      56      18.8037
      57      21.6113
      58      22.5748
      59       8.2297
      60      14.4689
      61      20.2548
      62      13.9733
      63      23.4775
      64      20.2168
      65      26.4020
      66      15.6446
      67      22.4544
      68      29.0978
      69      15.5910
      70      20.3540
      71      28.3423
      72      21.9566
      73      19.5629
      74      12.6098
      75      19.8495
      76      31.3889
      77      15.2303
      78      12.1820
      79      32.9591
      80      11.5631
      81      19.6105
      82      26.8831
      83      11.9846
      84      18.9785
      85      28.9290
      86      27.0539
      87      24.2985
      88      32.6464
      89      14.6437
      90      17.5053
      91      19.5035
      92       9.0768
      93      32.7975
      94      22.0982
      95      15.3257
      96      23.4026
      97      19.5332
      98       9.8465
      99      21.6265
     100      21.4872
     101      23.1996
     102      19.7610
     103      15.4544
     104      15.1292
     105      13.8424
     106      22.9062
     107      12.6274
     108      21.5821
     109      26.8578
     110      25.4825
     111      14.7823
     112      14.2145
     113      19.1828
     114      23.6225
     115      17.8395
     116      26.7527
     117      23.1678
     118      22.1259
     119      23.5051
     120      26.6098
     121      24.0078
     122      16.4592
     123      15.2906
     124      25.8654
     125      20.5410
     126      26.0765
     127      19.1416
     128       5.9429
     129       8.0895
     130      14.3970
     131      24.5339
     132      21.0599
     133      28.4011
     134      25.3600
     135      12.3200
     136      30.0257
     137      29.4719
     138      15.7842
     139      27.3738
     140      25.3100
     141      33.5606
     142      47.6205
     143      18.5084
     144      23.9449
     145      23.7426
     146       9.0550
     147      17.8939
     148      28.1100
     149      18.9889
     150      15.0560
     151      30.0047
     152      35.5736
     153      19.5295
     154      19.0841
     155      23.6150
     156      30.1363
     157      26.4725
     158      20.4094
     159       5.4824
     160      -5.8173
     161      13.0751
     162      -7.3410
     163       8.5231
     164      14.3871
     165       6.0798
     166       0.8419
     167      -4.3382
     168      -3.3710
     169     -12.5755
     170     -15.4109
     171       7.1667
     172      16.5847
     173     -12.0219
     174      -1.4699
     175      -0.9045
     176       7.2722
     177       8.3888
     178       4.6750
     179       0.5097
     180       0.9404
     181      18.5223
     182       5.5520
     183      11.2269
     184      31.8681
     185      -1.7853
     186      -2.3915
     187       5.8701
     188       5.3050
     189       3.7327
     190      15.7910
     191      -1.8328
     192      11.9366
     193      21.0372
     194      20.6982
     195      10.3218
     196      14.0581
     197       3.0358
     198     -14.8952
     199      11.0000
     200      -0.2156
