#Frame      Dih_00036
       1      -8.4996
       2     -12.8797
       3     -18.3252
       4       0.6461
       5      -8.5159
       6       2.4123
       7     -12.3155
       8      -4.9395
       9      -3.1040
      10       4.3455
      11       1.5539
      12      -0.9532
      13      -5.7220
      14       3.7018
      15       0.1859
      16      -5.9856
      17      -0.1796
      18      -1.7845
      19      -7.0097
      20      15.3454
      21      15.6299
      22      -3.1365
      23      -2.8231
      24      -1.1664
      25       0.2807
      26      -1.7368
      27       1.5560
      28       2.9441
      29      -4.9153
      30      -0.5726
      31       5.5900
      32      -5.5642
      33       5.0951
      34       4.6189
      35       4.5716
      36       4.8424
      37      -0.0274
      38       6.7169
      39      -6.3478
      40       6.0049
      41       1.9208
      42       6.0278
      43       6.5155
      44       1.7399
      45       3.8131
      46       1.7798
      47      -5.4401
      48       3.6525
      49       4.9162
      50      -6.3505
      51      -6.3228
      52      -1.7004
      53      -5.9780
      54     -12.4171
      55       7.4259
      56       0.6552
      57       9.5505
      58       1.9231
      59       1.0875
      60       4.6115
      61       0.3083
      62     -14.3744
      63       4.2644
      64      -4.0315
      65       5.3906
      66       2.6658
      67      -5.6718
      68       8.5899
      69      -7.1275
      70      -4.1801
      71       8.1045
      72      -1.2403
      73       0.5313
      74       7.2759
      75       2.6139
      76      -9.4370
      77      -0.8727
      78      21.5086
      79       5.4401
      80      -7.5864
      81      12.9229
      82      -8.4860
      83      -2.2806
      84     -10.9528
      85       1.2596
      86      -3.3361
      87     -16.9535
      88      -5.4889
      89       1.0506
      90      -7.7362
      91      -7.9838
      92       0.6335
      93      -8.0231
      94       8.8951
      95       2.4875
      96      -6.4383
      97      -4.6771
      98      -7.8894
      99      -0.8426
     100     -10.9911
     101       8.3271
     102      -3.7105
     103     -12.2061
     104      -6.6872
     105     -14.2246
     106     -11.6474
     107       1.5683
     108       0.3431
     109      -3.4094
     110       7.3339
     111      -4.9790
     112       0.9574
     113       8.1011
     114      -9.9555
     115       9.9731
     116      16.7922
     117      -1.5165
     118     -13.5652
     119      10.5966
     120       2.7410
     121      -5.0960
     122       8.5948
     123      -1.0230
     124       4.3192
     125       8.3703
     126      -3.5824
     127       5.8289
     128       1.5511
     129      -4.2110
     130      -5.4425
     131       7.1571
     132      -7.5067
     133      -7.4235
     134      -0.4251
     135       2.1744
     136      -7.2708
     137       0.6634
     138      12.8928
     139       6.3298
     140      10.8779
     141      -8.0279
     142     -17.8355
     143      -2.5976
     144      -3.6475
     145      -6.2937
     146      -1.5120
     147      -0.8256
     148     -16.3012
     149      -6.7256
     150      -1.0711
     151     -17.1892
     152     -18.9358
     153     -11.0436
     154      -2.6896
     155     -13.2580
     156      -4.5730
     157      -1.8493
     158      -5.1625
     159      -9.9758
     160       0.4048
     161     -15.6239
     162      -5.2485
     163      -4.8798
     164      -7.2966
     165      -2.5304
     166      -0.8999
     167      -7.6686
     168      -8.4138
     169      14.2049
     170      -6.0358
     171      -5.5596
     172     -12.4098
     173       1.7870
     174     -13.7057
     175      -5.2085
     176       5.2203
     177     -19.1557
     178      -3.2268
     179      -1.4535
     180     -16.1592
     181      -3.9769
     182       2.3275
     183     -11.5809
     184     -16.9878
     185       3.3163
     186      11.4723
     187      -6.4582
     188      -5.5262
     189      -4.3458
     190       2.8265
     191      -8.4585
     192       1.7182
     193     -10.6495
     194     -13.9016
     195       2.2873
     196     -11.9636
     197       2.0642
     198      -4.6777
     199      -4.8980
     200     -14.8167
