#Frame      Dih_00037
       1     -14.8679
       2      -6.2106
       3       9.4849
       4     -14.8877
       5      -8.9644
       6     -17.9980
       7      -8.5613
       8     -17.5567
       9     -17.8718
      10     -25.6718
      11     -24.8497
      12     -16.7374
      13     -16.8160
      14     -27.4650
      15     -22.5882
      16     -16.2326
      17     -21.6573
      18     -21.5587
      19     -20.8173
      20     -34.1834
      21     -33.4866
      22     -19.6059
      23     -22.4320
      24     -25.2949
      25     -17.7511
      26     -19.8487
      27     -17.8357
      28     -18.3877
      29     -12.8878
      30     -17.4801
      31     -19.0117
      32     -17.6602
      33     -21.2970
      34     -21.7278
      35     -23.3653
      36     -17.3181
      37     -21.1755
      38     -23.1933
      39     -20.3653
      40     -18.2263
      41     -23.8844
      42     -22.9194
      43     -26.3927
      44     -26.8568
      45     -21.8688
      46     -24.2373
      47     -15.5434
      48     -26.8101
      49     -24.8962
      50      -7.3048
      51      -8.3793
      52     -16.0741
      53     -15.8965
      54     -16.2063
      55     -28.1992
      56     -23.8181
      57     -28.3056
      58     -24.2682
      59     -23.3729
      60     -21.5847
      61     -19.3553
      62      -6.7711
      63      -8.6236
      64     -11.9674
      65     -17.4772
      66     -21.8118
      67     -12.2844
      68     -23.0311
      69     -13.5431
      70     -20.9365
      71     -23.1252
      72     -21.6812
      73     -21.2779
      74     -24.3132
      75     -21.8117
      76     -13.3964
      77     -16.4371
      78     -37.0669
      79     -16.4766
      80     -16.7193
      81     -32.3338
      82     -14.1268
      83     -13.7077
      84      -7.3872
      85     -21.3893
      86     -18.8704
      87      -0.0500
      88     -11.2284
      89     -23.2497
      90      -8.7149
      91     -14.0671
      92     -18.9383
      93     -13.7406
      94     -28.7789
      95     -22.6371
      96     -16.4009
      97     -10.4288
      98     -13.4235
      99     -15.1129
     100     -14.0857
     101     -19.8760
     102     -15.0460
     103      -0.3719
     104     -14.9964
     105       1.1478
     106      -3.7581
     107     -16.1300
     108     -13.3174
     109     -20.2691
     110     -23.7005
     111     -15.4390
     112     -14.8463
     113     -23.4118
     114     -16.6173
     115     -28.6091
     116     -32.3337
     117     -19.7545
     118     -14.3252
     119     -26.9276
     120     -20.9624
     121     -16.0174
     122     -29.8485
     123     -16.0322
     124     -28.3246
     125     -27.7391
     126     -16.5687
     127     -21.4981
     128     -24.4195
     129     -12.8970
     130     -19.7432
     131     -26.5100
     132     -16.9165
     133      -9.5368
     134     -22.9035
     135     -18.5740
     136      -7.9137
     137     -25.7329
     138     -30.2218
     139     -20.5860
     140     -31.1677
     141     -19.5718
     142      -4.6530
     143      -8.8774
     144     -17.6048
     145      -9.3245
     146     -21.0727
     147     -15.8441
     148      -4.3678
     149     -12.9373
     150     -13.9864
     151       1.3015
     152       4.0491
     153      -0.8436
     154     -15.4825
     155      -0.2791
     156      -4.6063
     157     -15.8733
     158     -19.2852
     159     -11.2021
     160     -12.8216
     161      -2.7480
     162     -19.7534
     163     -20.4876
     164     -16.0964
     165     -18.3702
     166     -17.4489
     167     -18.6447
     168     -11.2947
     169     -34.2943
     170     -16.9341
     171     -22.4710
     172      -9.8782
     173     -15.8460
     174     -11.7688
     175     -11.7037
     176     -26.9576
     177       2.5902
     178      -8.0612
     179     -19.1210
     180      -4.2891
     181     -17.9104
     182     -22.9559
     183      -8.0576
     184     -11.4341
     185     -22.3417
     186     -21.3705
     187     -18.9812
     188     -18.1069
     189     -14.6538
     190     -14.2630
     191     -14.8343
     192     -14.1337
     193     -12.9121
     194      -4.1455
     195     -20.6714
     196      -2.7549
     197     -22.7348
     198     -17.3999
     199     -21.3821
     200      -7.2569
