#Frame      Dih_00038
       1      30.7626
       2      20.9474
       3       0.9364
       4      21.4820
       5      21.8125
       6      23.6694
       7      25.3663
       8      31.8722
       9      29.2943
      10      35.4481
      11      35.2090
      12      27.1994
      13      30.4665
      14      38.0010
      15      34.9987
      16      30.0455
      17      33.1574
      18      35.3339
      19      37.9984
      20      34.8843
      21      37.3118
      22      34.6178
      23      36.2929
      24      36.5485
      25      27.3084
      26      30.3774
      27      26.1818
      28      24.7514
      29      23.9437
      30      27.2278
      31      23.7148
      32      31.5289
      33      27.6078
      34      28.4764
      35      30.0428
      36      21.6030
      37      32.7746
      38      29.8923
      39      34.4935
      40      22.4433
      41      33.9767
      42      29.6680
      43      33.2335
      44      39.4525
      45      30.6689
      46      33.0678
      47      27.7734
      48      38.2901
      49      33.6793
      50      17.2251
      51      17.3676
      52      26.6132
      53      29.4644
      54      35.3730
      55      35.3665
      56      37.0945
      57      35.6990
      58      35.6201
      59      32.9183
      60      30.1812
      61      27.8378
      62      23.2954
      63       9.2276
      64      22.3132
      65      21.8404
      66      29.9313
      67      24.7398
      68      26.2020
      69      25.7961
      70      35.8332
      71      28.2782
      72      33.5506
      73      32.5683
      74      29.7464
      75      30.8533
      76      27.2772
      77      27.6309
      78      35.5273
      79      20.0072
      80      31.2771
      81      36.5636
      82      30.0547
      83      21.5885
      84      21.2927
      85      30.8493
      86      30.8303
      87      14.7990
      88      21.6646
      89      34.7479
      90      20.9106
      91      27.0035
      92      28.5128
      93      27.1328
      94      35.4651
      95      31.4078
      96      28.5530
      97      19.9607
      98      28.9233
      99      25.2222
     100      32.4665
     101      23.4477
     102      26.6381
     103      10.9548
     104      28.1412
     105      10.4954
     106      15.9211
     107      22.9834
     108      21.1699
     109      31.8949
     110      28.9436
     111      27.7678
     112      20.9090
     113      28.4720
     114      31.9745
     115      34.0917
     116      35.6349
     117      31.6983
     118      31.4873
     119      32.5017
     120      28.7355
     121      31.3106
     122      37.5107
     123      26.3103
     124      38.2546
     125      34.3538
     126      29.3139
     127      28.5894
     128      34.8227
     129      23.4601
     130      35.9821
     131      34.7443
     132      34.9122
     133      20.8256
     134      34.4894
     135      26.5613
     136      18.9865
     137      38.6759
     138      34.6741
     139      24.0751
     140      35.0950
     141      35.7204
     142      22.7704
     143      15.7765
     144      28.6279
     145      19.8689
     146      33.2800
     147      24.6625
     148      20.9860
     149      26.3091
     150      23.1360
     151      13.2109
     152      10.8145
     153      11.4516
     154      26.1499
     155      11.5611
     156      11.1839
     157      27.1851
     158      32.3379
     159      26.3846
     160      18.5995
     161      17.7246
     162      33.5195
     163      36.1969
     164      30.1708
     165      28.4336
     166      26.5312
     167      34.1020
     168      25.2601
     169      37.2763
     170      30.9280
     171      36.9517
     172      25.6642
     173      23.4275
     174      28.4409
     175      21.3871
     176      36.9085
     177      14.0172
     178      14.7203
     179      30.1224
     180      21.5550
     181      29.9459
     182      30.6223
     183      22.9698
     184      31.2732
     185      29.3676
     186      21.4004
     187      32.5470
     188      31.5307
     189      27.9891
     190      19.0546
     191      27.9404
     192      19.2670
     193      29.1961
     194      18.6611
     195      28.9187
     196      14.2737
     197      34.0919
     198      30.4171
     199      36.0571
     200      24.2142
