#Frame      Dih_00039
       1     -35.7149
       2     -29.5248
       3     -10.3645
       4     -22.6614
       5     -28.2166
       6     -23.6251
       7     -32.2717
       8     -35.1344
       9     -32.5044
      10     -35.2978
      11     -34.8735
      12     -27.9888
      13     -35.1128
      14     -36.6804
      15     -36.3565
      16     -33.5903
      17     -35.3265
      18     -37.5854
      19     -42.7476
      20     -28.8966
      21     -30.1056
      22     -37.5392
      23     -40.2376
      24     -38.7487
      25     -28.7562
      26     -30.8382
      27     -25.1765
      28     -21.7346
      29     -27.4514
      30     -28.7445
      31     -21.0173
      32     -37.6153
      33     -24.0199
      34     -26.3591
      35     -28.1919
      36     -19.7092
      37     -34.0430
      38     -26.7956
      39     -39.6943
      40     -19.6812
      41     -35.3902
      42     -28.4717
      43     -29.1657
      44     -38.5019
      45     -28.3938
      46     -33.8799
      47     -32.0002
      48     -35.4607
      49     -30.2520
      50     -21.8449
      51     -21.5428
      52     -28.6030
      53     -35.5344
      54     -41.3769
      55     -34.2331
      56     -37.3659
      57     -29.0169
      58     -34.6061
      59     -34.3514
      60     -28.7026
      61     -27.5598
      62     -32.6224
      63      -7.1479
      64     -25.2935
      65     -20.2090
      66     -26.4895
      67     -27.6255
      68     -24.6176
      69     -34.0178
      70     -40.1002
      71     -22.7471
      72     -36.5328
      73     -33.9989
      74     -25.6981
      75     -29.4930
      76     -32.0700
      77     -27.8178
      78     -21.0018
      79     -18.5685
      80     -38.7770
      81     -29.6136
      82     -35.8832
      83     -24.6966
      84     -29.8070
      85     -28.2494
      86     -35.0138
      87     -26.6358
      88     -25.5710
      89     -34.9260
      90     -27.8978
      91     -33.0860
      92     -28.4925
      93     -31.9936
      94     -29.9327
      95     -31.1319
      96     -33.4201
      97     -23.9860
      98     -33.5945
      99     -25.6075
     100     -40.5206
     101     -18.6248
     102     -29.9082
     103     -17.7943
     104     -32.0534
     105     -18.6455
     106     -22.8882
     107     -21.2002
     108     -20.1323
     109     -34.4242
     110     -26.7432
     111     -33.7206
     112     -20.9916
     113     -24.5134
     114     -41.6383
     115     -29.4427
     116     -25.0474
     117     -32.0138
     118     -41.9896
     119     -28.1201
     120     -26.3983
     121     -33.2528
     122     -33.4371
     123     -28.5146
     124     -33.5647
     125     -30.4060
     126     -31.8197
     127     -25.1340
     128     -34.4098
     129     -27.5801
     130     -41.2523
     131     -30.9145
     132     -35.3805
     133     -27.4401
     134     -37.9212
     135     -26.9947
     136     -21.8777
     137     -38.3516
     138     -29.6579
     139     -21.4600
     140     -31.0409
     141     -39.2062
     142     -34.5520
     143     -17.8599
     144     -31.6857
     145     -22.5793
     146     -35.6992
     147     -25.7513
     148     -31.3151
     149     -30.1824
     150     -24.3331
     151     -23.7256
     152     -23.0731
     153     -18.6120
     154     -28.5296
     155     -20.2558
     156     -14.3527
     157     -29.3020
     158     -35.6437
     159     -31.6594
     160     -17.7451
     161     -26.0628
     162     -37.2811
     163     -41.3718
     164     -33.0855
     165     -31.1780
     166     -27.6238
     167     -38.4009
     168     -30.3540
     169     -28.0477
     170     -34.2244
     171     -41.3340
     172     -35.6893
     173     -21.4294
     174     -36.1575
     175     -25.2815
     176     -36.8414
     177     -26.2533
     178     -16.3984
     179     -31.7672
     180     -33.2552
     181     -33.1390
     182     -32.1981
     183     -31.7369
     184     -41.2576
     185     -26.4980
     186     -16.5728
     187     -39.8496
     188     -35.6833
     189     -28.1607
     190     -16.7579
     191     -37.0025
     192     -19.1321
     193     -36.0174
     194     -27.0124
     195     -28.5250
     196     -21.8409
     197     -33.1901
     198     -35.2078
     199     -40.3069
     200     -33.5426
