#Frame      Dih_00040
       1      27.6244
       2      27.3990
       3      18.3287
       4      14.3839
       5      23.1466
       6      13.9631
       7      28.8015
       8      24.1800
       9      23.4873
      10      19.2581
      11      21.2063
      12      18.7011
      13      26.3392
      14      21.2967
      15      22.2354
      16      24.3988
      17      23.2184
      18      24.1829
      19      31.7128
      20       9.2354
      21       9.2771
      22      25.1698
      23      27.3226
      24      26.5876
      25      17.8980
      26      21.1160
      27      15.8378
      28      11.9096
      29      21.3773
      30      19.6776
      31      10.0635
      32      29.2587
      33      12.5032
      34      14.2729
      35      15.5027
      36       9.0034
      37      21.6169
      38      12.9836
      39      30.7926
      40       8.5813
      41      21.6889
      42      14.1765
      43      15.6779
      44      23.6915
      45      16.1999
      46      21.6188
      47      24.3651
      48      21.4778
      49      16.0471
      50      18.5229
      51      17.8735
      52      19.2675
      53      27.8896
      54      34.9015
      55      17.7373
      56      23.1144
      57      13.6101
      58      21.4976
      59      21.7770
      60      15.4840
      61      18.0088
      62      30.9972
      63       1.9028
      64      17.9224
      65       9.5365
      66      15.7286
      67      22.6015
      68       9.9484
      69      27.7674
      70      28.7413
      71      10.3053
      72      24.6312
      73      20.4838
      74      11.9717
      75      17.5190
      76      27.0063
      77      18.5360
      78      -0.5726
      79       8.5960
      80      30.6310
      81      11.5116
      82      27.3378
      83      17.2079
      84      25.4419
      85      18.5899
      86      23.2594
      87      27.0766
      88      20.4249
      89      21.9579
      90      22.5540
      91      26.4504
      92      17.5519
      93      25.6905
      94      14.2401
      95      18.6746
      96      25.1385
      97      19.1617
      98      24.9484
      99      16.0566
     100      34.0062
     101       6.1971
     102      20.9549
     103      19.6520
     104      26.3602
     105      20.3533
     106      22.0526
     107      13.5195
     108      12.6281
     109      25.9096
     110      12.1595
     111      24.5789
     112      13.1721
     113      10.1827
     114      33.3310
     115      13.1492
     116       5.2065
     117      22.5918
     118      36.3112
     119      11.3206
     120      16.2356
     121      24.4969
     122      16.6480
     123      18.7436
     124      19.8216
     125      15.1130
     126      22.6351
     127      12.3638
     128      22.3482
     129      19.7749
     130      28.5741
     131      15.0406
     132      28.1107
     133      22.3428
     134      24.0950
     135      15.4937
     136      19.6444
     137      25.0042
     138      10.7220
     139       9.7887
     140      13.6033
     141      30.6741
     142      34.2496
     143      13.3068
     144      22.9134
     145      19.3748
     146      23.9006
     147      17.0692
     148      31.4096
     149      23.8137
     150      15.9670
     151      25.8271
     152      26.7952
     153      18.5275
     154      19.4357
     155      22.0757
     156      11.6001
     157      19.7921
     158      27.4107
     159      26.0613
     160      11.5876
     161      27.1912
     162      28.8969
     163      29.7354
     164      26.5094
     165      22.5988
     166      18.7866
     167      30.5088
     168      23.9884
     169       9.3561
     170      25.1264
     171      29.8908
     172      31.4641
     173      12.8195
     174      33.3749
     175      19.7989
     176      20.1733
     177      28.9606
     178      12.9910
     179      20.4395
     180      30.2833
     181      24.1992
     182      20.3934
     183      25.8595
     184      37.7503
     185      16.1472
     186       4.1305
     187      29.8882
     188      26.2521
     189      21.3270
     190       8.9146
     191      29.9684
     192      11.1470
     193      30.6744
     194      26.7851
     195      17.6778
     196      21.8507
     197      20.4891
     198      26.4436
     199      27.6781
     200      30.4270
