#Frame      Dih_00041
       1     -12.6859
       2       7.2472
       3      -0.0278
       4       1.7322
       5      -6.3508
       6       5.6299
       7       5.4185
       8     -11.5265
       9      -3.4179
      10      -2.6312
      11      -0.4851
      12      -8.3013
      13     -16.9530
      14     -18.2282
      15      -0.4867
      16      -3.9965
      17       5.3126
      18      -0.1439
      19       5.2544
      20       1.1434
      21     -10.9133
      22       2.4121
      23      -5.5731
      24      -7.5856
      25       5.7933
      26       7.7259
      27       1.6123
      28      -1.4241
      29       1.4898
      30      -2.9638
      31       9.4860
      32       1.7032
      33       3.8842
      34      -5.5284
      35      -4.4637
      36       4.2544
      37      -4.4898
      38       4.4378
      39       4.4263
      40      -2.7784
      41       3.6899
      42       0.0813
      43       4.9505
      44       5.9869
      45       4.3973
      46      -8.4613
      47       0.9943
      48      15.1193
      49       2.8780
      50      -1.1937
      51       4.2738
      52     -20.3171
      53       5.3755
      54     -12.5582
      55      -2.3977
      56      -0.8484
      57      -0.6847
      58      -2.7150
      59       1.6591
      60       4.5703
      61       5.5286
      62       9.7206
      63       1.4606
      64     -10.3853
      65      -2.0621
      66      -8.8445
      67      -6.2112
      68      -3.0250
      69       7.6215
      70       2.8782
      71      -9.8180
      72       3.5624
      73     -17.7299
      74      10.5769
      75       4.6289
      76     -22.9758
      77     -17.0144
      78     -11.2313
      79       3.7746
      80      -4.1040
      81      -4.4775
      82      -3.2796
      83      -1.1385
      84      -6.2247
      85       1.4603
      86       7.6911
      87      -7.4781
      88      -6.4331
      89     -12.6571
      90      -5.4816
      91       8.1401
      92       0.3643
      93       1.0859
      94      -3.0560
      95      -3.1071
      96      -8.4744
      97      -9.1220
      98      10.3161
      99      -7.5765
     100      -9.1040
     101      -4.0549
     102     -16.8105
     103       3.5914
     104     -11.5337
     105      -6.5033
     106      -0.2573
     107       5.7689
     108      -7.4687
     109     -20.4106
     110     -19.0881
     111       4.5078
     112      -4.8104
     113      -8.9095
     114     -10.8615
     115     -13.3804
     116      13.7961
     117       9.6813
     118       9.3995
     119     -13.9357
     120     -12.8986
     121       6.2466
     122     -12.0966
     123     -16.2040
     124      -0.8922
     125      -2.8903
     126       0.2478
     127     -11.9673
     128     -21.7524
     129     -12.5411
     130      -0.4671
     131      -6.0527
     132       1.1939
     133      -2.9557
     134     -12.9475
     135      -6.7014
     136     -10.4148
     137      -9.5347
     138     -11.2780
     139      -0.9683
     140       7.3546
     141       0.1358
     142     -16.6474
     143       0.8480
     144     -17.4329
     145      -9.0173
     146      -9.6724
     147     -12.5258
     148     -13.4778
     149     -10.0996
     150      -2.6014
     151      -4.9630
     152       0.4928
     153      -1.6737
     154      -5.9298
     155      -5.8836
     156      -8.1564
     157     -10.2359
     158      -5.4032
     159       3.9129
     160      -8.1996
     161      -2.2926
     162     -13.8479
     163     -14.5635
     164     -11.7102
     165     -13.6118
     166       1.2177
     167      -1.8586
     168     -16.4437
     169      -5.7249
     170      -0.7058
     171     -15.2227
     172     -17.0628
     173      -2.2048
     174     -18.4968
     175      -4.3196
     176     -14.9302
     177      -8.2386
     178      -7.4154
     179       1.9130
     180       9.5136
     181       4.6482
     182       2.5405
     183      -1.6170
     184      -3.9833
     185     -17.3075
     186       4.4355
     187      -2.6427
     188      -9.3353
     189      -0.2302
     190      -9.2048
     191       6.1243
     192       2.0704
     193       5.2848
     194      14.4611
     195       1.4875
     196      -0.6245
     197      11.4429
     198       1.1174
     199      -6.1896
     200     -10.9273
