#Frame      Dih_00042
       1      -9.3476
       2     -25.3523
       3     -12.1685
       4     -25.9274
       5     -14.8077
       6     -28.0926
       7     -22.2417
       8      -8.2633
       9     -15.0046
      10      -8.0635
      11     -26.0596
      12     -14.7523
      13      -5.5213
      14      -2.1091
      15     -20.5739
      16     -21.2390
      17     -27.2359
      18     -16.7711
      19     -28.6520
      20     -16.5567
      21     -12.5990
      22     -22.5429
      23      -9.8361
      24     -13.9980
      25     -23.7098
      26     -26.0194
      27     -19.7651
      28     -11.2238
      29     -23.3471
      30      -7.3519
      31     -25.3801
      32     -20.3386
      33     -19.8662
      34     -16.3629
      35     -14.7130
      36     -15.9102
      37     -13.5232
      38     -18.8869
      39     -24.0076
      40     -13.3646
      41      -7.4062
      42     -19.3206
      43     -27.3411
      44     -16.8425
      45     -28.0652
      46     -12.2393
      47     -24.2934
      48     -28.6264
      49     -27.7633
      50     -14.8306
      51     -25.6861
      52      -1.7616
      53     -22.1708
      54     -13.5445
      55     -18.1058
      56     -20.0909
      57     -16.6013
      58     -28.7860
      59     -28.4380
      60     -24.6667
      61     -32.3662
      62     -26.6031
      63     -22.3887
      64     -13.9576
      65     -25.8608
      66     -13.0153
      67     -17.2503
      68     -24.2269
      69     -28.8876
      70     -28.7496
      71     -11.7612
      72     -19.8502
      73      -4.2652
      74     -31.0311
      75     -24.0063
      76       0.6691
      77      -9.8467
      78     -10.8211
      79     -19.7500
      80     -18.6524
      81     -13.8135
      82     -18.0443
      83     -23.1787
      84     -15.0485
      85     -21.7953
      86     -24.5977
      87     -11.5334
      88     -15.9171
      89     -13.5605
      90     -15.4724
      91     -28.9124
      92     -20.7385
      93     -24.4790
      94     -16.0163
      95     -20.1561
      96     -17.0107
      97     -13.5048
      98     -28.8069
      99     -18.1021
     100     -16.9647
     101     -21.3656
     102      -9.6607
     103     -16.0927
     104     -23.0043
     105     -11.1412
     106     -24.6481
     107     -20.8266
     108     -14.7347
     109       2.6196
     110      -6.7937
     111     -25.0644
     112     -15.1947
     113     -10.8729
     114      -6.5920
     115      -6.4708
     116     -29.4718
     117     -30.1953
     118     -31.8415
     119      -4.4860
     120     -12.3248
     121     -26.9073
     122     -13.3501
     123     -11.1636
     124     -19.3887
     125     -15.7609
     126     -23.5286
     127     -15.3576
     128      -3.5211
     129      -9.6299
     130     -26.0369
     131     -17.9741
     132     -25.1764
     133     -25.4483
     134     -11.9330
     135     -10.3981
     136     -16.9918
     137     -16.6384
     138     -10.7357
     139     -23.3103
     140     -29.8882
     141     -25.1005
     142     -14.6297
     143     -21.3630
     144      -7.7878
     145     -17.3976
     146     -16.9056
     147     -12.5098
     148     -16.7183
     149     -12.0349
     150     -21.8017
     151     -21.6866
     152     -24.8546
     153     -27.8735
     154     -11.1673
     155     -20.5201
     156     -12.4180
     157     -13.7697
     158     -10.2867
     159     -26.6529
     160     -15.3592
     161     -18.9194
     162      -4.3552
     163      -4.4971
     164     -11.0494
     165     -13.5079
     166     -22.0036
     167     -20.2861
     168      -5.3961
     169     -17.7079
     170     -23.2525
     171       1.3888
     172      -4.5569
     173     -17.9075
     174      -6.5326
     175     -11.3303
     176      -6.6011
     177     -10.9119
     178     -12.4392
     179     -20.2740
     180     -25.7684
     181     -24.1827
     182     -21.6226
     183     -13.8479
     184     -17.8937
     185      -0.6901
     186     -19.1555
     187     -18.1961
     188     -11.2316
     189     -19.4975
     190     -10.0834
     191     -20.8811
     192     -10.8266
     193     -19.4287
     194     -24.0139
     195     -13.6427
     196     -20.0772
     197     -21.0593
     198     -20.4068
     199      -6.0506
     200       3.6048
