#Frame      Dih_00043
       1      24.8934
       2      32.0076
       3      17.8157
       4      38.5167
       5      30.5287
       6      37.0486
       7      28.0133
       8      22.5176
       9      24.2333
      10      14.2822
      11      40.4338
      12      28.2778
      13      23.2549
      14      20.1132
      15      29.8854
      16      34.5190
      17      36.6146
      18      25.0685
      19      41.2417
      20      25.4685
      21      28.3633
      22      35.1921
      23      19.3081
      24      27.8053
      25      30.1371
      26      32.0832
      27      29.7744
      28      18.7501
      29      32.1585
      30      13.2847
      31      29.7543
      32      29.2726
      33      28.5352
      34      28.8217
      35      27.4432
      36      20.7065
      37      23.8327
      38      25.7022
      39      32.7184
      40      22.6801
      41       7.7465
      42      28.6194
      43      36.4471
      44      19.9134
      45      39.3800
      46      26.1555
      47      36.8648
      48      27.7621
      49      39.3997
      50      24.8239
      51      34.3467
      52      19.5490
      53      29.3295
      54      34.1963
      55      29.2423
      56      28.8746
      57      25.2604
      58      44.3856
      59      44.3642
      60      33.9521
      61      42.4207
      62      33.2725
      63      32.3521
      64      28.9368
      65      42.6533
      66      27.7442
      67      31.8709
      68      37.6107
      69      38.6150
      70      42.6212
      71      25.8031
      72      27.3962
      73      22.6883
      74      38.6228
      75      30.6673
      76      20.0132
      77      29.3263
      78      25.5267
      79      28.3995
      80      30.7717
      81      25.2504
      82      32.3388
      83      35.5563
      84      30.0386
      85      31.8334
      86      30.2278
      87      25.2023
      88      30.1446
      89      31.6833
      90      28.4314
      91      33.6876
      92      31.5032
      93      36.6224
      94      26.1100
      95      33.4301
      96      33.6112
      97      28.5854
      98      32.8281
      99      33.6105
     100      32.7427
     101      38.8471
     102      28.2503
     103      21.0479
     104      46.9606
     105      24.4710
     106      36.8071
     107      26.9140
     108      28.7169
     109      14.3756
     110      26.6878
     111      34.3643
     112      27.0053
     113      23.9677
     114      19.8392
     115      22.2704
     116      32.2241
     117      37.6871
     118      40.5268
     119      19.1843
     120      31.4869
     121      33.7314
     122      31.4238
     123      32.6561
     124      27.7535
     125      27.0661
     126      36.4477
     127      34.1386
     128      24.0332
     129      24.8056
     130      38.9633
     131      34.0588
     132      38.2406
     133      40.1171
     134      30.1916
     135      21.4801
     136      35.6595
     137      32.7029
     138      25.3378
     139      36.4463
     140      37.9528
     141      36.5815
     142      37.7015
     143      32.2298
     144      28.0190
     145      34.7685
     146      35.2628
     147      29.7608
     148      38.1978
     149      27.7393
     150      37.3065
     151      36.2524
     152      37.1251
     153      45.1345
     154      23.2223
     155      34.8506
     156      25.8641
     157      30.8327
     158      20.7482
     159      36.2742
     160      32.3209
     161      31.8387
     162      18.1600
     163      19.4283
     164      26.9749
     165      32.3793
     166      31.7712
     167      31.9562
     168      22.3385
     169      31.1579
     170      36.4800
     171      11.5328
     172      22.5649
     173      28.8240
     174      26.0836
     175      20.6483
     176      23.3567
     177      23.9914
     178      25.5857
     179      28.7398
     180      30.7049
     181      31.8077
     182      29.5796
     183      22.8616
     184      30.9404
     185      15.8657
     186      23.8554
     187      29.6724
     188      24.2581
     189      30.2732
     190      22.5264
     191      25.2825
     192      14.4750
     193      22.6576
     194      22.4458
     195      20.4733
     196      31.0409
     197      22.8903
     198      29.1989
     199      14.3654
     200       4.0592
