#Frame      Dih_00044
       1     -30.8514
       2     -27.6203
       3     -18.9109
       4     -37.5220
       5     -32.9341
       6     -33.3302
       7     -24.9589
       8     -30.5605
       9     -28.2362
      10     -16.3146
      11     -41.5560
      12     -35.3502
      13     -32.4117
      14     -29.2853
      15     -32.3521
      16     -39.1490
      17     -32.4277
      18     -25.6383
      19     -40.2051
      20     -23.9416
      21     -35.8298
      22     -35.2704
      23     -22.5390
      24     -33.9691
      25     -28.7633
      26     -27.5389
      27     -27.3279
      28     -18.9581
      29     -32.3186
      30     -15.0490
      31     -23.7233
      32     -29.5118
      33     -26.2703
      34     -35.6385
      35     -31.3701
      36     -19.0869
      37     -28.7576
      38     -22.9778
      39     -29.4205
      40     -23.2016
      41      -5.5245
      42     -28.6188
      43     -34.0123
      44     -17.7908
      45     -37.2149
      46     -29.0827
      47     -37.0985
      48     -21.7177
      49     -39.4806
      50     -26.2478
      51     -34.9081
      52     -33.5591
      53     -24.3429
      54     -40.5885
      55     -32.7762
      56     -31.2388
      57     -26.9802
      58     -47.6723
      59     -42.4420
      60     -31.7099
      61     -40.9628
      62     -27.8794
      63     -31.2742
      64     -36.4683
      65     -41.4168
      66     -32.0321
      67     -37.6303
      68     -41.0124
      69     -32.5385
      70     -41.8940
      71     -33.7912
      72     -25.8211
      73     -35.6623
      74     -35.2304
      75     -26.8028
      76     -35.1085
      77     -39.2969
      78     -32.8166
      79     -26.5744
      80     -34.3294
      81     -28.8605
      82     -34.2298
      83     -37.1012
      84     -36.2254
      85     -32.9222
      86     -26.3778
      87     -30.5296
      88     -35.0468
      89     -40.0373
      90     -30.9787
      91     -31.4069
      92     -32.1910
      93     -35.9996
      94     -27.7087
      95     -36.8848
      96     -38.0512
      97     -33.8209
      98     -28.8601
      99     -39.7278
     100     -37.0393
     101     -40.8317
     102     -40.6123
     103     -20.0866
     104     -53.2684
     105     -27.7784
     106     -37.5260
     107     -24.3592
     108     -34.0236
     109     -27.7078
     110     -38.5848
     111     -34.1307
     112     -33.7449
     113     -30.2432
     114     -25.1698
     115     -31.3862
     116     -24.7886
     117     -32.6058
     118     -35.6503
     119     -28.5275
     120     -38.8956
     121     -29.2202
     122     -39.2279
     123     -42.4677
     124     -30.8161
     125     -29.9658
     126     -36.6212
     127     -43.5338
     128     -34.8600
     129     -34.0904
     130     -40.5059
     131     -36.5878
     132     -37.5009
     133     -44.3652
     134     -40.3047
     135     -24.8667
     136     -40.5637
     137     -38.8849
     138     -32.7100
     139     -36.1626
     140     -35.2664
     141     -40.8966
     142     -49.1033
     143     -33.7701
     144     -40.5724
     145     -38.3750
     146     -40.7285
     147     -38.0206
     148     -45.1127
     149     -34.0535
     150     -40.3447
     151     -42.1143
     152     -39.0289
     153     -46.3177
     154     -28.1772
     155     -39.5034
     156     -30.7324
     157     -37.0835
     158     -25.8174
     159     -34.3639
     160     -39.0228
     161     -33.4692
     162     -26.5792
     163     -29.8839
     164     -35.2123
     165     -38.2748
     166     -31.5749
     167     -36.4766
     168     -32.7192
     169     -35.8322
     170     -38.1175
     171     -20.8773
     172     -33.1117
     173     -30.8286
     174     -36.4562
     175     -24.1188
     176     -32.4780
     177     -30.4934
     178     -31.3417
     179     -29.2260
     180     -26.6605
     181     -28.3473
     182     -28.6962
     183     -25.7799
     184     -34.0328
     185     -26.4762
     186     -23.2331
     187     -33.0049
     188     -29.7302
     189     -32.2645
     190     -28.5354
     191     -22.6006
     192     -13.7648
     193     -21.1568
     194     -15.5238
     195     -19.8477
     196     -30.6584
     197     -17.9402
     198     -30.1031
     199     -19.2280
     200     -10.0267
