#Frame      Dih_00045
       1      29.0988
       2      13.0282
       3      12.4661
       4      22.7149
       5      24.4442
       6      18.0188
       7      12.8129
       8      27.2684
       9      20.8042
      10      11.7510
      11      27.5304
      12      27.8454
      13      32.8299
      14      31.2052
      15      20.6037
      16      27.6197
      17      17.7331
      18      16.9526
      19      20.6232
      20      15.2733
      21      30.9734
      22      19.9805
      23      18.9980
      24      25.8561
      25      15.0104
      26      13.4228
      27      16.6977
      28      13.0521
      29      20.8582
      30      11.7632
      31       8.9599
      32      18.2152
      33      14.2721
      34      27.3695
      35      22.0309
      36       9.5276
      37      22.0625
      38      12.3173
      39      16.8075
      40      17.2857
      41       1.3164
      42      19.1866
      43      20.5990
      44       7.6038
      45      21.4465
      46      25.5414
      47      23.9661
      48       4.1453
      49      22.9490
      50      17.9569
      51      19.6283
      52      34.5173
      53      12.9966
      54      33.7071
      55      21.7523
      56      21.1319
      57      19.0130
      58      32.3131
      59      26.0653
      60      17.1132
      61      23.2775
      62      11.6132
      63      21.1179
      64      29.2090
      65      27.0774
      66      26.4609
      67      27.9446
      68      29.1817
      69      15.4395
      70      24.2412
      71      28.8355
      72      14.6409
      73      34.0263
      74      13.8227
      75      14.7017
      76      37.3435
      77      36.9166
      78      30.5022
      79      14.0880
      80      25.0033
      81      21.7640
      82      23.5516
      83      25.3409
      84      26.1163
      85      20.5561
      86      12.2378
      87      23.2732
      88      26.9283
      89      33.7169
      90      24.6782
      91      16.1170
      92      20.4832
      93      22.5580
      94      20.8492
      95      25.1504
      96      30.4935
      97      27.6771
      98      11.2397
      99      29.9625
     100      29.7701
     101      28.7929
     102      37.4915
     103      10.7983
     104      42.6511
     105      21.1780
     106      24.5233
     107      11.8888
     108      27.3481
     109      30.6156
     110      37.3629
     111      19.2569
     112      23.3963
     113      24.8595
     114      23.6559
     115      28.6794
     116       7.4515
     117      14.8540
     118      16.7353
     119      27.4172
     120      32.1018
     121      15.0818
     122      31.0500
     123      36.2562
     124      20.8792
     125      21.6340
     126      23.0944
     127      35.3980
     128      37.3334
     129      30.5120
     130      26.9752
     131      26.6379
     132      23.1771
     133      29.6127
     134      33.3352
     135      21.2068
     136      33.4879
     137      31.4443
     138      27.4993
     139      24.9094
     140      18.6381
     141      24.7352
     142      41.0193
     143      20.6308
     144      35.6016
     145      32.6962
     146      31.6262
     147      31.9078
     148      38.0705
     149      27.8931
     150      26.4728
     151      30.7703
     152      24.9290
     153      28.9075
     154      23.0177
     155      29.5512
     156      25.8316
     157      29.3968
     158      19.5253
     159      20.4413
     160      27.3774
     161      22.7430
     162      25.9011
     163      27.8043
     164      30.3156
     165      35.4979
     166      18.8429
     167      23.9877
     168      31.0950
     169      26.7242
     170      24.9638
     171      23.1412
     172      31.4292
     173      22.7332
     174      34.0432
     175      19.3877
     176      29.3573
     177      24.4171
     178      25.1422
     179      17.5541
     180      10.6314
     181      15.7410
     182      17.2466
     183      17.2164
     184      24.4811
     185      27.3105
     186      12.0306
     187      23.4108
     188      26.0826
     189      19.7707
     190      24.0488
     191      11.3007
     192       7.3567
     193       9.7381
     194       1.0155
     195      11.2334
     196      20.7177
     197       3.9513
     198      18.6679
     199      16.9035
     200      13.0856
