#Frame      Dih_00016 Dih_00017 Dih_00018 Dih_00019 Dih_00020
       1     -38.9202 38.4684 -25.4731 4.9434 21.2764
       2     -43.9265 39.7998 -22.3005 -3.2244 31.1364
       3     -33.0807 31.9429 -19.4339 1.0203 21.0961
       4     -46.3273 44.7145 -27.3968 1.4842 28.3706
       5     -33.6178 45.3042 -35.9960 18.2144 9.3817
       6     -26.5941 43.3120 -37.0444 23.2752 1.1638
       7     -43.8531 50.8564 -40.6653 18.5132 14.8149
       8     -41.7828 43.8543 -29.5972 6.5080 22.2843
       9     -36.7026 40.8686 -28.6074 7.4305 18.4353
      10     -39.1666 40.8685 -29.7984 8.5942 18.9706
      11     -43.5791 39.3004 -22.1561 -2.4906 29.6172
      12     -39.1517 36.8012 -20.5621 -0.1162 24.9150
      13     -33.2710 48.8789 -38.6061 23.5608 5.5235
      14     -53.1576 47.5866 -22.5195 -8.7786 39.0306
      15     -44.1554 35.3852 -15.2803 -11.1815 36.4165
      16     -47.7432 42.0124 -23.1797 -3.4500 32.6193
      17     -42.2410 42.7339 -28.3641 5.1592 21.9613
      18     -40.9979 43.5452 -26.3348 3.5315 23.4001
      19     -46.8214 55.9684 -42.8518 17.8586 19.4486
      20     -40.8032 48.1653 -37.5494 15.9270 16.1696
      21     -57.8719 46.2994 -20.6598 -11.5403 46.4389
      22     -38.4291 33.6872 -16.9801 -5.8652 27.4558
      23     -45.1539 44.1756 -26.3173 -0.7914 28.9203
      24     -41.4916 47.7764 -38.0664 16.9155 14.2925
      25     -47.0207 47.6551 -28.0933 2.9961 28.1809
      26     -43.8138 45.7184 -27.9142 3.0725 26.4166
      27     -47.4095 38.5156 -16.1284 -10.8421 36.5193
      28     -37.7670 40.3817 -28.7749 6.9783 20.7851
      29     -45.8101 49.4209 -36.5493 12.3201 21.3198
      30     -33.7526 43.9584 -33.8457 16.1760 10.3717
      31     -42.3600 44.2690 -31.6256 9.1972 20.0601
      32     -43.9977 43.4408 -22.7030 -3.1010 29.2275
      33     -45.2328 40.0550 -20.9922 -5.2655 33.1766
      34     -47.2613 40.2780 -20.0147 -6.1886 33.4217
      35     -50.2533 46.5563 -24.4135 -4.2115 33.9191
      36     -45.5165 39.0921 -22.7209 -1.0617 28.6357
      37     -32.8206 36.7593 -28.1392 9.0840 15.8234
      38     -48.4448 43.9636 -21.9983 -7.4192 33.6858
      39     -38.7081 34.9349 -16.2895 -6.7240 28.2665
      40     -39.8033 35.8956 -20.3407 -1.6863 26.2327
      41     -44.1372 38.1324 -22.0080 -0.4969 29.2048
      42     -58.4922 46.4564 -21.1136 -11.7554 41.7032
      43     -37.0776 42.7107 -30.1793 7.9579 19.7201
      44     -38.8891 44.5114 -32.2446 11.0535 16.5206
      45     -14.9141 30.5837 -33.3259 24.0874 -5.7388
      46     -23.1406 30.1005 -26.1711 14.3880 5.4959
      47     -24.3716 32.7777 -26.7075 13.4003 6.9533
      48     -42.1777 44.5942 -30.7616 6.6789 21.9757
      49     -35.3212 36.9259 -27.3108 8.4401 17.7074
      50     -44.1317 26.3827 0.0045 -27.5454 47.0989
      51     -37.4469 17.2174 5.2691 -26.3374 39.9256
      52     -32.5638 21.2911 -2.1200 -16.4037 32.5010
      53     -39.0449 35.7087 -20.2207 -2.3695 25.6528
      54     -35.4586 47.7211 -40.9797 19.5026 9.2599
      55     -37.8800 44.9772 -32.2764 12.7230 14.0016
      56     -54.8275 45.8254 -19.0185 -11.6085 43.0791
      57     -28.9066 20.1979 -5.1425 -13.2465 26.1002
      58     -33.9618 16.3222 5.4002 -23.0762 35.1353
      59     -41.7095 23.6939 2.7277 -29.4279 48.5661
      60     -24.0507 10.2599 4.3814 -18.1933 26.5534
      61     -38.5922 24.2966 -2.4059 -20.2610 36.3093
      62     -44.7574 36.9015 -13.6796 -11.1345 35.0928
      63     -26.9799 11.0060 6.6537 -24.7562 33.6544
      64     -36.0499 21.1819 -2.6678 -18.2708 33.0293
      65     -36.3879 29.2789 -9.0689 -12.7975 32.8051
      66     -45.7719 38.6270 -21.3299 -4.2958 32.2004
      67     -25.1765 29.5938 -22.6377 9.3363 10.1467
      68     -39.8614 38.9964 -24.8333 3.4303 21.9169
      69     -38.7832 43.8734 -32.0038 9.5887 17.3366
      70     -22.7563 36.1976 -30.0064 18.8880 3.2022
      71     -26.4778 40.5746 -36.7193 23.2802 1.4194
      72     -46.6876 44.8855 -26.2352 0.3597 28.3472
      73     -37.6822 27.1993 -6.9024 -13.8745 30.5589
      74     -43.3824 36.6930 -16.6096 -7.9367 32.7914
      75     -39.9434 40.0742 -23.5446 0.4414 24.4206
      76     -50.4396 52.6287 -34.1706 6.5987 26.2779
      77     -35.6855 44.6942 -35.4020 16.1125 12.2034
      78     -30.3072 40.1955 -34.6125 20.7824 5.1352
      79     -31.2625 38.3587 -28.9357 12.3478 12.4167
      80     -20.2789 29.3763 -26.8844 16.8000 2.9564
      81     -43.2137 39.0985 -18.9684 -7.6850 32.6053
      82     -35.3716 17.3700 4.3208 -25.0010 38.5211
      83     -27.2971 9.0421 11.8278 -30.0882 35.1885
      84     -22.6594 2.0646 17.0786 -31.9008 35.6366
      85     -30.3576 20.3676 -5.4249 -11.1136 26.4717
      86     -29.7662 13.2171 7.7533 -25.1010 34.5747
      87     -27.2204 10.8307 7.9707 -25.1801 34.8385
      88      -4.9357 -9.6343 18.8735 -22.1576 17.1707
      89     -19.8131 -0.0816 18.0351 -28.8390 31.2520
      90     -31.1381 25.4006 -10.3529 -7.4784 23.7673
      91     -11.4341 2.3960 6.0640 -13.5479 16.8892
      92     -21.0372 12.0286 1.0173 -13.6295 22.2407
      93     -39.9985 28.1796 -7.5059 -14.9169 34.3420
      94     -31.6360 30.7953 -17.3426 -2.0290 21.1724
      95     -19.2456 33.6016 -37.6860 24.7740 -3.3013
      96     -30.6631 38.4147 -30.0355 12.5355 11.5617
      97     -20.2371 19.9345 -10.2813 -1.4130 13.7298
      98     -35.3155 21.2356 -3.3948 -16.5088 32.6284
      99     -32.1579 27.8590 -12.7092 -6.6645 24.7843
     100     -32.7287 35.1179 -24.2854 4.3545 18.4304
     101     -38.9785 44.6124 -33.0970 11.7292 18.0287
     102     -35.2201 41.3783 -30.1222 9.9392 15.5310
     103     -40.7147 38.8750 -22.6022 1.4519 22.7505
     104     -29.7651 31.1991 -19.4676 2.8227 16.7429
     105     -30.5084 31.6351 -17.7410 1.6120 17.1203
     106     -35.6992 51.1848 -43.2902 23.1424 7.8012
     107     -42.7532 41.2474 -28.3652 5.7189 21.5780
     108     -21.9874 36.2287 -33.5948 21.5678 0.4774
     109     -42.2260 45.6631 -28.8094 7.9910 22.6124
     110     -32.9090 40.8536 -35.1151 17.6087 9.7635
     111     -10.5762 31.8808 -37.8061 33.4868 -14.4798
     112     -26.8493 37.3587 -29.2689 15.0749 7.0502
     113     -37.2157 36.3240 -22.0408 1.7660 22.0571
     114     -24.5508 32.8991 -29.1763 16.3727 5.8583
     115     -33.8364 45.6627 -40.9442 21.4785 7.9254
     116     -19.0677 31.4310 -30.6238 20.6723 -2.0371
     117     -26.9587 38.7230 -33.1247 18.9978 4.2100
     118     -25.7323 41.1497 -38.5133 25.6520 -0.6737
     119     -20.2686 34.1474 -32.0337 21.8710 -1.4004
     120     -25.6458 36.7218 -31.6365 19.8463 3.3934
     121     -26.8562 35.8890 -33.5172 18.4424 4.7363
     122       1.5846 24.9700 -39.5011 39.9626 -27.7834
     123     -20.4131 25.4865 -21.8422 11.0348 5.7974
     124     -20.1005 37.4827 -38.5324 27.9676 -4.5178
     125     -30.8738 40.9228 -35.8555 19.6032 6.0160
     126     -23.6006 34.1184 -27.7985 15.9656 5.0684
     127     -34.9080 40.8866 -29.3634 10.1693 15.2868
     128     -33.6806 45.1319 -40.7185 23.5236 7.1279
     129     -27.6722 34.7220 -26.4036 12.0076 9.1170
     130     -28.1003 44.6242 -43.0101 27.6565 0.1042
     131     -38.4412 40.2004 -25.5320 3.9761 20.8804
     132     -22.5072 36.2424 -32.4010 22.5452 0.1310
     133     -41.0602 45.4767 -30.6062 9.6216 19.4960
     134     -23.6716 38.5271 -37.7863 26.5350 -1.4768
     135     -22.6046 39.7712 -35.9175 23.2127 0.3735
     136     -32.4568 44.7815 -40.3212 24.9628 3.8804
     137     -25.0805 38.1402 -35.2509 21.6009 1.8556
     138     -18.0201 30.7255 -27.1494 19.6055 -1.7620
     139     -16.0353 29.8038 -30.5597 22.5984 -4.4791
     140     -28.8271 45.1894 -45.3802 33.6824 -3.1403
     141     -23.7155 36.4952 -33.0496 21.6213 0.5681
     142     -21.3306 35.9394 -34.3262 22.9263 -0.8823
     143     -17.1093 32.7445 -35.0410 27.4310 -6.0176
     144     -24.7970 33.9687 -28.3798 16.0007 5.0034
     145     -12.4297 24.2794 -24.1070 20.2049 -5.4538
     146     -14.3693 28.3981 -30.6401 24.5536 -6.2780
     147     -21.1972 36.4395 -37.3333 25.2053 -1.7261
     148     -26.1597 41.5145 -36.5996 24.8076 0.7496
     149     -17.3151 28.5692 -27.3756 20.1256 -1.8414
     150     -15.4590 29.4628 -30.7183 23.2117 -5.1175
     151     -24.7468 38.0359 -32.9718 20.2470 1.9952
     152     -20.9463 35.3926 -32.3524 23.7424 -2.5205
     153     -19.7219 36.3001 -38.0821 27.4413 -4.5745
     154     -20.9175 31.9697 -30.6356 21.2255 0.1566
     155      -8.8981 20.8054 -22.9374 18.2998 -6.8105
     156     -16.9989 29.1740 -28.8082 19.0858 -1.2710
     157     -39.4270 41.6312 -28.2699 7.6442 18.9048
     158     -34.6647 41.8928 -34.0596 14.6624 13.3160
     159     -25.6076 40.3286 -37.3728 24.4438 0.4391
     160     -20.6218 35.5070 -34.1801 24.9317 -3.0994
     161     -23.6365 32.2913 -27.2135 14.1267 5.6946
     162     -32.4964 33.7635 -23.9102 6.7500 17.4834
     163      -4.8598 19.9812 -25.5366 25.9438 -13.9190
     164     -21.2347 37.9587 -36.4445 26.7019 -3.2547
     165     -30.0148 37.9655 -31.2315 15.5771 9.4665
     166     -21.3985 36.2927 -35.2522 25.4604 -2.5006
     167     -15.9609 31.8683 -34.6177 27.0443 -6.5274
     168     -26.1434 38.6210 -33.2561 19.3776 3.4367
     169     -22.1038 34.6184 -34.0439 24.4987 -2.0151
     170     -13.2714 33.3095 -37.8029 33.6175 -13.3141
     171      -4.7948 21.7815 -29.3661 28.3554 -14.0135
     172     -16.9583 27.2218 -26.4063 16.2320 0.1257
     173      -5.4281 28.1059 -37.6379 36.7991 -19.5980
     174     -16.8260 31.4161 -31.9454 24.0756 -4.6666
     175     -22.4744 35.4243 -30.6631 18.9096 2.6604
     176     -13.9164 29.9957 -33.1676 27.5003 -8.5773
     177     -13.1573 32.7102 -38.0631 32.6915 -12.1910
     178     -16.2205 24.6261 -23.0088 14.5475 0.6176
     179     -17.5196 33.0086 -34.6171 25.2470 -6.2864
     180     -31.5751 37.9899 -29.4785 11.3569 12.8071
     181     -22.7171 36.8634 -34.6671 22.7959 0.5476
     182     -28.1812 36.1474 -28.2787 11.4402 11.2747
     183     -20.1118 30.2993 -29.4986 20.5999 -1.0527
     184     -35.8453 44.6761 -36.9321 18.1978 10.7077
     185     -37.0799 43.1945 -34.2355 15.0820 12.4487
     186     -27.2679 30.2729 -21.2194 5.6044 14.3622
     187     -13.7400 32.8159 -38.9606 31.7891 -11.4598
     188     -18.9573 35.8237 -37.7731 29.5606 -5.8650
     189     -23.3670 34.7848 -30.8600 18.8127 2.0880
     190      -8.7885 25.5415 -29.8414 27.0078 -11.6342
     191     -21.5369 38.8150 -38.9531 28.7843 -3.6497
     192     -20.3523 32.0061 -30.0913 21.2549 -0.6452
     193     -10.0941 25.6428 -29.8643 24.3962 -10.0269
     194     -21.5258 30.8542 -31.6754 19.6500 0.9524
     195      -5.4603 26.0651 -35.8881 36.8462 -19.2049
     196     -27.4979 38.9921 -30.7215 17.0818 7.2509
     197     -11.9122 33.4723 -42.7922 40.3526 -16.9855
     198     -18.4395 37.0946 -41.2750 32.0548 -7.9706
     199      -9.6901 22.5340 -27.3936 24.1068 -8.6686
     200     -12.1108 25.2246 -26.4966 20.4258 -6.1378
