#Frame      Dih_00136 Dih_00137 Dih_00138 Dih_00139 Dih_00140
       1      28.7388 -27.5819 18.6611 -2.2222 -18.5214
       2      35.1387 -40.5534 30.5371 -10.6262 -15.0552
       3      15.0953 -26.2644 25.8231 -19.5134 2.5833
       4      17.1658 -22.6729 20.1751 -10.3371 -4.2507
       5      28.1819 -31.4623 23.2045 -6.7789 -13.2958
       6      16.6986 -24.2485 20.7510 -11.9981 -3.0174
       7      30.0269 -37.4849 29.2260 -12.0312 -11.2830
       8      28.7403 -34.0250 29.0861 -13.3902 -10.2037
       9      23.6301 -30.0904 28.4367 -13.9901 -6.8822
      10      22.1479 -33.4700 32.7057 -18.8786 -1.7726
      11      17.0078 -31.6729 31.6309 -24.6564 4.3017
      12       7.9407 -24.1257 29.9192 -24.2129 11.7235
      13      -3.0530 -17.4125 30.7712 -32.8355 22.7565
      14       0.8200 -21.9013 29.8966 -33.4048 20.2407
      15       7.8628 -22.8909 29.3250 -23.8304 10.6641
      16       9.1600 -21.5122 25.1463 -18.5799 6.4029
      17      13.7210 -31.6593 36.8313 -30.9558 10.5361
      18      21.2142 -29.9888 26.1082 -13.1232 -5.0935
      19       6.2316 -22.7447 30.7724 -26.4063 12.3460
      20      31.7524 -42.8450 38.7347 -19.7295 -7.0529
      21       4.9131 -25.9937 35.0053 -33.3924 17.7469
      22      16.7039 -31.1057 32.0272 -22.7528 3.4495
      23      18.2565 -35.6143 40.2029 -30.0934 7.2056
      24      25.8383 -38.3239 34.2167 -19.3967 -4.8988
      25       7.7013 -28.6969 35.7239 -34.3710 17.4822
      26      13.5709 -30.5657 34.1923 -28.3333 8.8057
      27       7.3691 -23.9711 30.2078 -26.5471 11.6430
      28       3.2293 -21.2222 30.5747 -31.5200 17.4790
      29      15.0922 -26.9427 26.9332 -18.8248 2.2460
      30      24.5860 -29.2058 26.4393 -11.8179 -7.7275
      31      19.8906 -35.5088 36.5014 -24.2633 3.4494
      32      14.9659 -27.9075 30.0241 -23.0089 6.2826
      33      14.7283 -29.2073 33.2012 -25.6790 7.0163
      34      13.1808 -32.4391 38.0464 -31.2791 12.6113
      35      16.9085 -35.7331 38.4911 -27.5838 8.1336
      36      15.1456 -34.1639 39.7023 -32.0369 11.4658
      37      19.7446 -37.5996 39.2967 -31.3043 6.9957
      38      21.0762 -40.6184 41.9666 -32.8333 7.1624
      39       6.4542 -26.1135 34.9823 -32.6599 17.0406
      40       1.2271 -22.7845 34.4187 -32.0601 19.8303
      41       5.3120 -27.6266 39.5126 -38.1188 20.0372
      42       9.6924 -31.5102 37.9652 -33.7661 15.2283
      43      10.7308 -21.9890 24.7525 -19.6979 5.5190
      44       2.9189 -20.7613 28.9266 -27.9105 16.2686
      45      12.6880 -29.4967 33.3955 -27.0386 8.5763
      46      19.3582 -32.5377 34.0127 -24.0858 3.2222
      47      10.8285 -32.6883 41.9117 -36.8754 16.8668
      48      10.2211 -25.9956 31.1440 -25.8781 10.1700
      49      17.6896 -35.3457 40.1558 -32.7279 9.8526
      50      17.6661 -40.0287 45.3347 -38.8713 11.6690
      51      21.5497 -35.4633 35.1690 -24.0730 1.7933
      52      17.2018 -33.0183 35.0737 -26.4801 7.0993
      53      19.7157 -32.8816 33.6619 -23.6070 2.8818
      54      21.0139 -32.7637 30.1795 -19.1615 -0.5483
      55      17.8470 -28.5298 29.5368 -20.8272 1.8900
      56       8.0059 -24.6571 31.5403 -26.8023 12.4288
      57      17.4983 -33.6399 35.9979 -29.4405 8.0883
      58       4.4627 -23.8187 30.2215 -28.7077 15.4550
      59      15.8112 -35.3862 39.0137 -31.5666 11.8818
      60      13.8768 -36.4165 43.0590 -34.2710 13.6728
      61       1.9366 -21.4638 31.2256 -29.2115 18.6365
      62       6.6463 -18.1255 23.1465 -20.5976 8.9030
      63      -2.4875 -21.9633 37.2900 -41.7205 27.9987
      64      12.2556 -30.8867 36.3522 -31.3623 12.2285
      65       7.6904 -27.8293 36.8152 -32.1018 15.3674
      66       1.9205 -19.3728 27.6716 -25.0419 15.9497
      67      -0.5143 -22.6787 34.3886 -36.1941 23.8186
      68      -4.1414 -15.0813 28.3018 -31.6533 24.0507
      69       4.4191 -23.8491 34.5083 -32.8120 17.8536
      70      17.4106 -32.6584 32.7621 -24.4706 4.0265
      71      17.6469 -32.7268 32.9494 -24.2657 4.4873
      72       7.8745 -26.7562 34.5027 -29.7057 13.4980
      73       8.6480 -25.7501 30.4504 -27.5101 12.1953
      74       4.6959 -29.2109 40.5591 -42.0370 23.7959
      75      12.3616 -29.9892 36.5799 -29.5484 11.9341
      76       5.0838 -22.6567 30.2144 -27.8403 14.9241
      77      11.0483 -26.0012 29.0422 -23.3874 7.9473
      78      17.3771 -27.6538 30.0362 -21.5348 3.1932
      79      12.2578 -30.9633 36.4159 -31.8012 12.7992
      80      14.2807 -36.2055 43.6153 -38.2168 14.9233
      81      12.1206 -32.4272 42.6427 -36.5074 15.7277
      82       5.0621 -31.1475 41.8779 -37.9545 22.8219
      83       7.1837 -28.3401 36.0800 -32.6238 16.7953
      84       8.3420 -30.3997 39.7738 -36.2196 17.7260
      85       4.6570 -24.6691 35.4671 -34.1549 18.2011
      86      20.1924 -36.3161 36.1019 -26.6305 4.0988
      87      17.9547 -36.4546 41.4158 -32.3906 9.3074
      88      11.9991 -33.5683 41.8654 -33.3519 13.6410
      89      16.9346 -32.9548 34.4326 -25.2860 5.6494
      90      -1.7232 -20.9131 32.5092 -36.5488 22.5668
      91      -1.6638 -11.8823 18.8560 -20.4220 14.7028
      92      -6.0851 -13.6547 25.0458 -27.8845 22.8089
      93       7.2277 -27.2436 36.2693 -32.2227 15.6615
      94      -0.4349 -18.6186 30.2426 -33.2908 20.4701
      95       1.8777 -21.7239 31.6929 -31.4245 18.2663
      96       1.2519 -24.0100 36.6977 -35.7972 22.2554
      97      -2.8266 -13.0112 22.1584 -24.5505 17.1766
      98      -7.6427 -10.1913 22.6688 -27.8945 23.5921
      99      -3.9526 -10.8125 19.5479 -22.5472 17.8251
     100      -4.9917 -12.6994 23.8800 -28.9797 20.6925
     101      -4.7074 -8.7719 17.9247 -21.3507 17.1410
     102       4.8794 -6.3913 5.6910 -3.1643 -0.9651
     103      -1.9213 -10.2732 16.7933 -19.1880 14.3217
     104      -4.8990 -15.1251 28.0323 -32.1356 24.3640
     105      16.5626 -38.6532 42.4246 -36.0397 12.7489
     106       9.9781 -28.1298 34.6458 -30.7269 13.9660
     107       8.8938 -25.3854 28.9567 -26.4279 11.2044
     108       4.2800 -26.0145 34.9080 -34.5953 19.6592
     109       7.6540 -33.2818 42.0047 -41.0425 20.9954
     110      20.0458 -42.9610 48.1986 -40.7142 13.1877
     111       7.8653 -30.0006 38.2975 -37.0250 18.6605
     112      -6.2560 -9.3423 21.2076 -24.9917 18.6752
     113      -2.9381 -14.2977 23.1874 -27.9885 20.1595
     114       6.0146 -19.5786 25.0965 -22.0966 10.1168
     115       8.0968 -15.1929 16.0550 -10.7563 2.1200
     116       5.6325 -17.9320 22.5905 -20.0866 8.3676
     117       6.9115 -27.7815 35.3613 -31.7146 17.1922
     118      11.1218 -34.4437 41.3415 -35.8171 16.4482
     119      19.9281 -39.6503 43.3845 -33.0411 7.3686
     120      -0.4397 -24.3051 37.7436 -40.5433 25.9724
     121      12.4612 -29.2767 32.9392 -26.4016 8.6690
     122       3.3610 -22.8051 33.7414 -32.1520 18.5101
     123       5.2897 -25.3463 33.0738 -32.2100 16.4334
     124      18.2496 -39.2885 46.8262 -38.0966 11.5650
     125      15.3794 -35.9871 40.6910 -34.9472 12.9482
     126       2.1394 -19.8852 29.2377 -28.6802 16.1096
     127      12.9482 -35.7790 41.5625 -37.3606 15.4999
     128       8.6802 -34.4158 46.4475 -44.0640 23.2043
     129       2.4871 -20.5611 30.2287 -29.0510 16.6148
     130       9.6219 -36.6964 46.4616 -43.6714 21.2499
     131       2.6043 -21.4911 32.0753 -31.1779 18.4106
     132      12.0759 -37.4420 44.6990 -37.2172 15.8691
     133      17.6743 -37.5384 40.0845 -29.8140 8.9712
     134      11.8618 -26.9436 33.6825 -26.2320 7.9380
     135      18.1964 -31.5081 31.9366 -22.4707 3.5260
     136      17.8748 -31.5983 31.5726 -21.8480 2.8190
     137       4.7168 -21.8328 28.7284 -26.2281 13.6040
     138      -0.1147 -26.5443 41.1219 -42.7149 27.7910
     139       5.3230 -30.0591 39.5197 -38.5855 20.6381
     140       8.2066 -32.1137 43.3999 -40.1500 20.8890
     141       6.8871 -28.5498 35.8315 -32.1476 16.5629
     142      13.5571 -36.0546 44.6090 -40.4390 17.3177
     143      19.7382 -34.6215 36.2370 -26.6491 4.3937
     144       8.0687 -29.4940 38.3893 -35.8898 17.3718
     145      12.2171 -31.6234 38.0210 -29.1141 11.3562
     146      11.7816 -37.6413 45.4055 -42.9867 19.6599
     147       3.1782 -30.9631 44.9399 -46.3848 26.1598
     148       8.6448 -32.8692 42.0913 -40.0162 20.0813
     149      13.6224 -28.1232 31.9004 -23.9575 6.5926
     150       3.2642 -27.7541 39.8788 -39.1454 23.0834
     151      -4.3813 -20.3814 34.0404 -38.7226 27.1891
     152      -7.2707 -19.0332 37.3411 -40.5901 31.0230
     153      16.3679 -38.0324 43.8026 -38.1882 13.1033
     154      11.5737 -35.7821 42.5457 -38.3091 16.7431
     155      -7.7493 -18.5183 34.9610 -39.1931 29.9722
     156       8.3628 -30.2062 39.6929 -33.4893 16.7648
     157      12.3801 -34.9001 42.6628 -36.4503 15.6227
     158       7.6860 -25.5031 33.4952 -31.3160 14.3865
     159       0.0089 -26.6514 38.9584 -39.7851 26.1464
     160      -0.0403 -27.8060 41.9661 -44.0512 28.1179
     161       1.5379 -21.6304 32.2381 -32.2906 19.5240
     162       0.2860 -23.5627 35.5757 -37.8686 23.7204
     163      -2.1685 -24.4683 39.8685 -42.9934 28.4067
     164      12.2929 -32.2267 38.7694 -31.2214 12.4784
     165      11.3423 -34.5631 40.6530 -35.1898 15.0956
     166       4.4210 -25.1908 34.0984 -34.0975 19.0762
     167      -3.4411 -25.8153 42.5025 -46.9305 30.5708
     168       7.3986 -29.0363 36.4843 -35.7009 18.6638
     169       2.9742 -25.4722 36.8111 -36.5639 20.6392
     170      -8.3378 -20.2780 39.9778 -45.2972 34.2218
     171      -0.2023 -23.1432 34.6249 -36.7034 23.8934
     172      -1.5127 -17.7324 28.8590 -33.2447 21.4285
     173       3.6065 -26.9234 41.2897 -40.9724 22.5167
     174       9.2902 -32.1797 40.7271 -35.8603 16.9737
     175       1.1530 -32.6527 49.1617 -48.2164 29.9246
     176       3.6982 -29.1161 39.6120 -40.4008 22.7863
     177      -1.5982 -26.1673 41.3237 -43.4750 27.7510
     178       9.1189 -25.9887 31.4890 -27.2719 10.7600
     179       4.9378 -21.0761 28.0872 -26.6057 13.5749
     180       0.9136 -25.4129 39.4063 -40.8812 24.2664
     181      -3.9354 -21.7869 37.7913 -41.3673 29.1746
     182     -12.7374 -17.1652 36.3313 -42.6534 36.1984
     183      -4.9212 -18.6163 30.8457 -36.7443 26.9370
     184      -0.2775 -21.1342 32.5865 -34.5634 21.9188
     185       0.6810 -25.1853 40.5983 -40.3056 25.3922
     186      -5.3953 -13.1848 24.3194 -29.5048 23.2490
     187      -1.4551 -24.6934 39.4674 -42.5648 28.7344
     188       8.2841 -28.5261 34.9071 -32.2169 15.0086
     189      -8.9689 -19.2660 38.3027 -45.1897 33.8482
     190      15.8541 -38.0180 42.4553 -35.5850 11.4242
     191       0.6396 -23.4214 35.5012 -37.3523 23.9148
     192      -1.5874 -16.2512 26.1656 -28.2139 18.6837
     193      -9.6055 -17.6664 36.5330 -42.2902 34.8375
     194       4.2608 -30.0052 41.8405 -40.7141 24.1847
     195      -8.8393 -16.7891 31.8169 -37.2290 30.2234
     196       2.7834 -19.3307 26.7498 -25.9646 14.8440
     197       5.7595 -27.1799 36.4602 -35.9273 18.5989
     198       2.6601 -25.2752 36.0840 -39.1911 22.0904
     199       0.8341 -15.3749 23.3642 -22.4664 14.9682
     200       0.8833 -20.9372 31.2805 -31.3776 19.1719
