#Frame      Dih_00131 Dih_00132 Dih_00133 Dih_00134 Dih_00135
       1       6.1370 -29.4356 40.3612 -38.5212 20.1856
       2      11.3182 -29.5078 33.7967 -30.3317 12.0545
       3      16.0376 -28.7579 28.7684 -21.3215 3.7581
       4      -2.8568 -22.9952 35.4191 -38.7063 28.5339
       5      -2.7128 -21.9055 39.5286 -40.2981 26.6423
       6      -2.6181 -21.3993 34.5597 -41.1650 28.2545
       7       0.8934 -22.0364 32.5677 -30.6227 18.8084
       8      11.2620 -29.2885 34.4172 -29.1397 11.7287
       9     -10.1878 -15.4332 32.9365 -42.1265 32.5415
      10       1.6123 -26.7511 36.5287 -39.2924 24.5737
      11       2.4401 -20.3246 29.7302 -28.6179 17.2482
      12      -1.1790 -22.7764 34.9121 -39.1596 25.3522
      13     -10.9160 -19.6531 39.4178 -47.6263 36.3934
      14      -1.4060 -24.5169 38.2225 -39.9002 27.0847
      15      -3.3645 -18.9078 31.3446 -34.4574 25.1408
      16      -2.1366 -20.3946 32.6634 -35.9810 23.2165
      17     -19.3013 -8.4737 29.8092 -40.3370 37.7020
      18      -2.7480 -17.5888 28.1071 -33.5413 23.2182
      19      -5.9150 -18.4131 34.9136 -38.1444 27.3587
      20       9.8108 -32.8640 39.4899 -37.9071 18.5032
      21       4.6874 -20.7585 26.0703 -24.1049 12.4395
      22     -10.0599 -16.6995 33.0327 -41.6546 32.0726
      23      -1.6222 -26.6073 40.7736 -44.4955 27.8891
      24      -0.0835 -24.9938 36.1796 -42.9564 29.3188
      25      20.3745 -36.7741 41.4054 -28.5384 5.7155
      26      11.9187 -33.3555 42.6695 -37.3351 15.1899
      27      -0.1542 -20.9498 33.5581 -38.4493 23.8340
      28      -6.2661 -17.5745 31.8268 -35.1643 25.5759
      29       6.3837 -30.6336 37.9466 -37.5363 20.1306
      30       6.5435 -23.6641 28.4587 -23.2515 10.9999
      31       0.1346 -25.5166 39.3793 -43.0407 26.5836
      32      -3.1306 -18.7600 34.5555 -38.1204 24.3879
      33       1.6363 -23.9050 35.5465 -36.5125 23.0092
      34       4.3994 -25.1013 34.8946 -33.5498 18.6551
      35      -3.4614 -23.9755 40.5559 -43.0562 29.7219
      36      -0.6328 -22.1543 32.4651 -34.0436 22.4629
      37       9.1526 -32.0438 40.0661 -38.4728 18.7481
      38      10.1190 -32.8797 44.4269 -38.7077 17.4235
      39       3.4816 -21.9297 30.2881 -29.4540 16.8113
      40      -1.9724 -19.6982 30.8126 -34.5622 23.8317
      41       2.0251 -23.8793 35.9974 -34.7791 20.4505
      42      20.3351 -35.7834 37.3727 -25.1923 3.4582
      43       0.1870 -24.3675 34.7568 -38.2290 25.0169
      44     -14.2842 -11.7795 31.4215 -42.8137 36.3275
      45       7.3262 -32.0845 41.4973 -38.4693 21.0665
      46       9.9173 -34.6454 42.0736 -34.8757 16.9183
      47      -7.3110 -18.6253 38.2925 -42.8939 30.7434
      48       2.9295 -25.3642 35.0473 -36.5208 21.6570
      49       5.6528 -33.7464 43.3523 -40.3522 23.2113
      50       2.8096 -21.8546 32.6328 -30.0005 17.2433
      51       5.8304 -30.1191 40.9652 -38.8551 20.1809
      52      14.5619 -36.7374 42.0581 -37.1353 14.7995
      53      10.2125 -26.9840 34.6671 -29.4779 12.3321
      54      10.0988 -34.7026 43.5999 -38.6357 17.3922
      55       4.1671 -26.2461 36.9331 -37.4957 21.2088
      56      16.1999 -35.4187 38.6854 -29.9553 9.2371
      57       3.3980 -23.1309 31.9464 -32.0178 18.7071
      58       0.3307 -22.1699 32.0606 -34.6463 22.6340
      59       4.4471 -23.2984 33.3341 -31.2006 16.1442
      60       1.5773 -24.1012 34.1621 -37.1636 23.1617
      61      -1.4478 -23.2710 37.1316 -40.4430 25.0278
      62       3.1667 -26.1707 39.5426 -39.6304 23.2322
      63      10.4094 -31.0689 39.2671 -33.6643 13.9463
      64      -7.7283 -13.2510 26.6899 -33.8824 26.0100
      65      -9.3252 -16.7058 35.2002 -41.2178 31.6029
      66       1.5679 -28.7204 42.1016 -40.0353 24.3842
      67      11.9235 -32.6985 38.1309 -32.8660 13.4961
      68       7.5034 -29.1652 36.7621 -35.1670 18.2017
      69     -12.3078 -15.0990 34.3148 -41.8167 33.8909
      70      21.0693 -36.7972 36.8018 -25.3541 3.7788
      71      10.9182 -28.2759 34.1582 -26.0950 10.0737
      72     -10.3857 -12.9398 29.2692 -38.1468 30.8297
      73     -10.2554 -20.2482 38.8754 -47.3316 34.6678
      74       6.6717 -27.9534 37.3253 -36.6000 18.6863
      75       4.0742 -27.7486 38.2196 -36.9496 20.9683
      76      11.3710 -27.3061 32.7348 -25.7022 9.3746
      77      -0.8644 -19.9983 30.2832 -34.1410 21.8427
      78      -6.4369 -12.4342 24.0273 -29.1951 24.6655
      79       5.5789 -20.2602 27.1676 -22.2827 11.8833
      80      15.1997 -36.1876 39.3348 -35.2084 12.4176
      81       0.4789 -22.4760 34.9692 -36.1222 22.8296
      82       3.0301 -24.4603 32.9492 -32.3657 19.1221
      83       6.8146 -31.8780 41.4249 -39.5396 20.9702
      84      12.1485 -31.7510 38.2151 -31.1777 11.7140
      85       9.9959 -34.4042 42.1065 -37.4848 18.8014
      86      13.2714 -30.8071 37.4875 -30.9951 11.9056
      87       0.6395 -15.3972 22.8854 -23.5324 15.3202
      88       6.9535 -28.7070 37.6012 -36.6172 19.4669
      89      14.1431 -31.9271 35.0869 -26.7138 8.7348
      90       8.6648 -31.5315 39.8141 -33.6422 16.8701
      91       3.1958 -23.4392 31.1792 -30.6788 17.7796
      92       5.2324 -27.0981 37.2270 -36.1742 19.0632
      93      -2.1067 -22.4269 34.6001 -38.1809 26.0290
      94       0.4195 -23.8444 40.8166 -40.0515 24.1256
      95      12.9547 -28.1937 32.8791 -25.9658 8.6863
      96       0.8514 -21.8350 31.1396 -32.7423 20.8440
      97      -3.2948 -16.4300 28.7095 -29.9446 21.9271
      98       5.8429 -25.5401 32.4379 -31.2716 16.3392
      99       8.7533 -28.6207 34.5525 -30.3422 14.8580
     100       8.6403 -23.6622 27.0536 -24.1422 9.9569
     101      -6.4248 -14.6150 29.8563 -34.6676 24.5242
     102       1.3124 -27.5267 41.0003 -42.2102 24.4325
     103      20.4116 -42.2507 46.5329 -34.6001 9.6882
     104       8.0539 -29.2094 37.4726 -34.8493 18.3425
     105      -3.2186 -18.0333 32.1366 -33.4910 23.1156
     106      19.8394 -33.9170 33.5083 -24.7710 3.7440
     107       6.2949 -28.2450 39.5318 -36.8655 19.2431
     108      11.9340 -29.0821 34.6178 -28.2126 10.0445
     109      10.8269 -33.8885 42.4760 -36.8951 16.3103
     110       8.2367 -28.7462 36.1399 -31.2833 15.0724
     111      -9.3578 -12.9030 27.7665 -33.9298 27.5673
     112       5.2630 -29.0682 40.8511 -40.1434 21.7968
     113      15.0923 -32.1067 38.5595 -30.0490 9.4234
     114      17.9524 -36.2341 41.3308 -33.1007 10.4753
     115      15.4219 -31.7722 34.2968 -26.9284 7.2809
     116      -8.7479 -20.4610 39.9364 -44.5827 34.6086
     117      17.5225 -40.0797 42.8481 -33.5460 11.4320
     118      12.0180 -32.5419 38.1855 -32.9208 13.3633
     119      12.5325 -30.9497 39.5151 -33.2206 12.8573
     120      16.3199 -35.6961 39.7055 -32.7284 9.6128
     121      -0.2642 -21.0865 32.9324 -35.3378 24.0556
     122       5.8594 -23.9960 32.4236 -28.1692 15.0619
     123      -0.2331 -23.0101 32.5341 -34.5550 22.6694
     124      -6.4567 -14.3973 28.1888 -34.8214 26.4547
     125      -3.1436 -19.2662 34.0315 -35.0222 24.8347
     126       7.2218 -27.4916 34.0060 -32.5558 16.4224
     127       3.7246 -22.5686 32.2593 -31.5610 17.4869
     128      -5.5970 -13.9917 28.2380 -31.3588 22.2926
     129      13.5861 -34.2224 39.0857 -33.7027 13.5114
     130       6.5883 -29.0843 38.1816 -34.6841 18.5245
     131      -4.1174 -15.7014 27.4581 -30.7365 22.5852
     132       1.4041 -23.8106 35.5466 -36.4836 22.6520
     133       4.0776 -22.7147 31.6466 -31.6316 17.6327
     134      14.7294 -34.0792 39.9445 -33.2727 11.5316
     135       1.5216 -25.6052 36.4886 -36.6612 21.6041
     136       8.5571 -26.5215 32.1466 -30.6291 14.2180
     137       5.4944 -25.6688 34.3607 -31.2993 16.9517
     138       0.7957 -21.6568 32.7828 -32.7119 20.5616
     139       9.1036 -30.9255 36.9070 -36.1794 18.6625
     140       4.7428 -29.9990 42.2699 -38.7651 21.1123
     141      12.8542 -27.0758 29.9905 -25.4929 7.7196
     142       3.1412 -25.2766 33.9159 -35.3877 19.5382
     143       4.3485 -20.0250 26.2196 -25.5487 13.6704
     144       4.3146 -27.7054 40.7367 -37.1351 22.0776
     145      10.5126 -32.8190 36.7066 -34.5356 15.8881
     146      -5.3626 -17.8894 32.2146 -35.6572 27.0674
     147       5.5642 -26.3522 35.0186 -33.9544 17.9111
     148       9.2863 -35.2997 47.8687 -43.3107 20.9849
     149      19.2418 -39.4540 40.3096 -31.3806 8.3016
     150       1.0747 -21.2780 33.9337 -34.4132 20.0296
     151      16.3025 -32.9917 36.6635 -27.4421 6.7535
     152      18.0348 -34.8366 36.4434 -26.9173 6.8646
     153      10.4132 -32.5679 39.2717 -36.0364 16.2588
     154      11.3647 -31.0616 36.7332 -34.9142 15.3105
     155      -2.8952 -18.0205 30.9014 -32.3071 22.3110
     156       9.8116 -27.9119 33.4993 -27.9156 12.6931
     157       4.0254 -26.2797 35.7355 -38.9967 19.9754
     158      14.7998 -27.5785 29.1624 -22.4289 5.0470
     159       7.3068 -28.9579 37.1733 -35.2589 18.1128
     160      20.6334 -35.5566 33.7828 -23.7700 1.9086
     161      11.0951 -29.6918 38.5304 -34.3890 14.7761
     162      10.2070 -29.8595 34.9287 -30.8573 13.7581
     163       5.8180 -20.0493 25.5642 -22.9238 11.5528
     164      14.7827 -35.6061 39.4738 -33.6427 12.2538
     165       8.0529 -28.2384 35.5445 -32.6453 15.4636
     166      12.9608 -31.2494 36.0451 -31.9797 12.2891
     167       2.9639 -21.7143 32.1416 -32.3733 17.8095
     168      -5.8657 -16.2759 29.4198 -35.2932 27.2038
     169       7.3567 -32.2007 44.0358 -42.2456 21.7175
     170      -2.7550 -19.3861 32.0650 -34.2486 23.5075
     171     -11.4298 -13.6778 32.4459 -40.7285 30.2156
     172      14.1716 -26.3718 28.1235 -23.2449 5.6849
     173       8.0562 -27.9662 35.0673 -34.2174 16.7380
     174       0.9804 -21.8707 33.0173 -32.5555 21.5000
     175       2.8086 -21.4154 28.3348 -28.8690 17.7347
     176      -2.6822 -11.5902 19.4675 -21.8615 15.9080
     177      -7.7509 -14.2846 28.1646 -34.1018 26.0403
     178      16.2513 -24.4957 23.3177 -16.4780 0.7884
     179      -2.7216 -15.3970 26.7568 -29.4847 20.5016
     180       5.7302 -21.7274 30.2550 -28.3316 13.6374
     181      -2.4313 -16.5309 26.4624 -31.0043 21.1489
     182      -0.5728 -18.5838 28.9522 -30.7077 19.1697
     183       6.2888 -25.4786 33.6724 -30.6436 15.1617
     184       9.9217 -23.7721 26.9573 -22.6432 8.1160
     185      -3.4410 -14.5873 25.4864 -30.1706 21.5897
     186       4.1041 -21.2377 28.4463 -28.1287 14.5335
     187       2.4416 -26.8425 38.6928 -39.8111 24.0050
     188      17.4352 -29.9132 30.1124 -19.8980 1.7937
     189      -8.5752 -9.1135 21.8530 -28.5702 22.6060
     190      -9.2654 -7.0035 19.4637 -27.4109 23.1454
     191       5.4734 -23.1767 31.4519 -28.5698 14.1221
     192       5.3260 -30.2442 41.2181 -38.2909 22.7551
     193       6.5553 -24.6694 29.4103 -28.3010 13.9867
     194     -10.3533 -13.6080 30.4970 -34.6333 30.5712
     195      14.6203 -32.2378 37.1262 -31.5218 10.5432
     196      18.8134 -36.9934 37.5401 -29.5557 7.2345
     197       6.9126 -20.1395 24.5687 -21.8260 10.0662
     198       7.6474 -25.5658 32.0946 -28.7577 14.1988
     199      -1.6362 -25.7780 41.9868 -43.0464 28.0338
     200       6.3603 -28.7698 37.2529 -37.2986 20.7407
