#Frame      Dih_00046 Dih_00047 Dih_00048 Dih_00049 Dih_00050
       1       4.3337 -20.6174 29.1277 -26.7132 14.2296
       2      -1.1794 -21.6258 33.9861 -37.4685 23.7776
       3      -2.0606 -20.1584 31.2400 -35.1807 23.5882
       4      -8.0430 -6.8458 17.1477 -22.4087 19.2163
       5      -6.1890 -11.3022 23.0318 -27.3402 21.9425
       6       7.2614 -22.7832 29.0895 -26.6727 12.0959
       7      -7.6469 -7.0793 17.7184 -23.5481 19.1848
       8      -8.1066 -10.2160 22.6299 -29.5869 24.3805
       9      -1.7521 -16.7879 27.7860 -29.0152 19.9415
      10      -3.0837 -18.0392 28.6918 -30.5996 21.5730
      11      -0.6254 -16.3671 25.9873 -26.8615 17.6477
      12      -3.5537 -14.4966 24.6886 -27.9615 20.7680
      13      -4.9672 -15.2802 26.5736 -30.1913 22.8538
      14     -10.0106 -15.8363 34.7960 -41.4868 31.3143
      15       3.3873 -25.7689 35.0802 -32.7570 20.1851
      16     -10.7495 -12.5103 29.6434 -35.0085 28.3871
      17      -8.6995 -1.7407 10.1230 -16.7897 16.8360
      18     -10.5262 -7.7210 21.4923 -27.2037 23.7352
      19     -28.5152 2.1019 21.4676 -37.5710 40.7773
      20      -4.8267 -10.6314 19.7713 -22.9711 18.1341
      21       5.4246 -23.4567 30.6721 -29.5930 15.7199
      22     -11.1864 -4.6626 17.3159 -24.8446 21.7007
      23       9.4408 -18.0988 18.5705 -13.4902 2.8411
      24       1.0633 -18.7997 28.4237 -29.9206 18.0924
      25      -6.7035 -9.2445 20.5992 -24.6218 19.1315
      26     -11.4664 -7.6066 21.9929 -28.9228 25.7119
      27       9.8708 -18.8123 20.8989 -15.3595 3.1596
      28      -1.2502 -18.4258 28.1654 -32.3590 20.7611
      29     -10.1836 -7.1013 19.8587 -27.0108 24.1257
      30      -4.4385 -6.9199 14.6830 -17.1327 13.9299
      31     -10.5454 -10.2121 24.1549 -33.1894 28.5754
      32     -16.2136 -0.0355 14.8257 -24.8577 24.5390
      33      10.7606 -14.1161 11.2299 -5.3134 -2.9671
      34     -12.5446 2.7783 6.8402 -14.2895 17.3272
      35      -6.7436 -6.7370 16.8416 -22.2541 17.1689
      36      11.2522 -28.7807 30.3639 -25.5181 10.2342
      37     -11.9263 2.0603 7.5472 -13.9806 16.4321
      38      -2.1912 -13.0307 20.6597 -23.3785 17.1316
      39       3.3846 -15.5606 20.5719 -19.8857 10.3489
      40      -8.1327 -10.3658 24.5593 -29.9289 23.5290
      41      -1.3627 -17.2785 27.5317 -29.0042 19.7502
      42     -12.1110 -4.2887 17.0775 -25.3336 24.7374
      43       0.4546 -6.6752 10.4823 -10.1857 5.9736
      44      -2.7069 -15.1655 24.6917 -28.9326 20.1299
      45      -0.2146 -18.9046 28.6793 -29.3877 19.5682
      46      -2.9144 -12.0220 22.0435 -24.0928 17.1069
      47      -6.1716 -5.4496 13.2095 -17.9542 15.0658
      48       5.0437 -19.9676 25.2317 -23.5576 12.8090
      49      -4.6741 -8.5547 16.4032 -20.1759 15.7607
      50      -7.9799 -11.1646 24.2614 -29.2503 24.0822
      51       0.5236 -20.4388 30.4574 -32.0380 19.5958
      52      -1.7500 -21.3689 34.2872 -36.8085 23.6614
      53     -11.7173 -9.8203 24.6294 -32.7600 28.4879
      54      -0.4540 -15.2056 24.6979 -26.2898 16.8935
      55       2.4814 -22.9801 31.7242 -29.4748 18.1910
      56      -2.7857 -14.6990 25.2896 -28.1508 19.7204
      57      -4.2835 -13.8368 24.5247 -28.7848 21.4623
      58      -0.4177 -17.2993 25.8878 -28.1103 18.4491
      59       1.0209 -16.6216 25.7200 -24.7201 15.4070
      60       3.4721 -17.3528 24.0587 -22.2759 12.3325
      61      -5.6165 -10.6168 20.1390 -24.7579 19.0847
      62      -1.1343 -17.8904 29.0831 -31.1163 21.4005
      63     -10.9777 -8.8611 22.4970 -29.6004 26.9535
      64       5.0429 -16.6648 21.0466 -18.0083 9.0395
      65       2.3035 -18.0131 24.8663 -24.5065 14.8963
      66       0.8495 -18.6312 26.9869 -27.8086 16.3863
      67      10.3690 -30.7056 37.0591 -31.6599 13.9102
      68      -2.2212 -20.0879 31.9106 -32.6781 22.2781
      69      -6.4298 -10.5461 23.6796 -28.9837 21.6145
      70       6.3259 -26.3500 32.0692 -31.1152 15.6416
      71       3.7943 -24.3460 32.9282 -32.2768 18.7894
      72      -7.4393 -13.5862 28.5156 -35.8642 27.0730
      73       2.6426 -14.4361 21.5248 -20.1554 10.8453
      74      -2.5912 -18.4173 29.4527 -34.1551 23.7747
      75       2.4648 -16.2186 22.4971 -22.3152 12.2799
      76      -3.9597 -15.5558 27.3255 -30.7923 22.6615
      77     -16.1497 -2.0126 17.4257 -26.4047 25.6572
      78       3.7880 -17.0833 21.3740 -19.0406 10.4736
      79      -7.6980 -7.8896 19.9881 -24.5947 20.5046
      80      -5.5985 -10.4770 19.8959 -23.5334 19.0928
      81       4.3605 -14.6098 19.4647 -17.4057 8.6837
      82     -11.1557 -8.0860 22.1339 -28.7845 26.0012
      83      -8.0413 -4.1092 12.9391 -18.6625 16.9794
      84       4.4648 -23.6553 31.2316 -30.0915 17.0821
      85     -10.2841 -13.8734 29.5104 -37.1584 30.2359
      86      -3.4788 -16.5646 27.3304 -32.0216 22.6885
      87       6.5173 -28.2059 36.2043 -31.9515 16.3274
      88      -5.3537 -12.4861 24.7590 -28.3726 20.5578
      89     -15.2033 -5.9394 22.2307 -32.0721 30.6035
      90       8.4970 -26.6367 32.1848 -28.4500 12.4511
      91      14.4643 -30.9946 32.6601 -24.9310 6.5951
      92     -12.5554 -8.5743 26.8670 -34.9177 29.4323
      93      -0.2286 -16.5942 25.3144 -25.4196 16.6573
      94     -12.4684 -7.3381 22.2855 -30.3114 26.4270
      95     -10.3234 -7.6557 20.9383 -28.8487 25.0758
      96      -2.8684 -11.8704 20.9174 -22.8379 16.2928
      97      -5.0290 -16.2665 28.7610 -34.3448 25.6336
      98      -4.9856 -12.2913 23.3163 -26.2671 21.0160
      99     -13.6845 -1.4388 13.5707 -22.4102 23.2983
     100     -10.5098 4.9131 2.4591 -9.4758 12.6811
     101      -2.8454 -20.3930 34.8400 -35.8136 22.8816
     102       9.0017 -36.9187 47.3352 -41.0547 22.1301
     103       4.7002 -27.4062 36.4135 -36.4285 20.2052
     104      -5.2562 -9.5021 19.5111 -23.4496 18.2847
     105       2.0718 -20.6990 28.4382 -29.3828 17.0451
     106       5.7099 -25.6300 32.5137 -28.9119 15.5738
     107       0.2336 -25.1396 38.2462 -41.1376 26.7913
     108       8.4200 -30.2942 38.1101 -37.0739 17.1279
     109       2.0648 -21.0342 29.6605 -29.4201 17.1824
     110     -15.5044 -6.3054 22.0905 -30.3838 31.3907
     111     -12.0684 1.7586 8.1535 -15.4375 16.7219
     112     -10.1733 -11.8327 26.2112 -36.9911 28.6633
     113      -4.7493 -20.6601 36.3668 -41.1291 29.4844
     114       0.1083 -25.0528 38.3327 -40.3702 27.0275
     115      -4.2069 -11.2348 21.8943 -24.6516 17.9031
     116      -0.4162 -11.6104 18.2080 -19.5523 12.8773
     117      -1.6010 -15.5211 24.5236 -24.7975 17.3093
     118      -5.1292 -14.8634 28.1141 -30.0036 23.0880
     119       9.3665 -26.5872 30.8700 -25.4826 10.1365
     120       2.4816 -21.6185 30.6878 -30.7447 18.2782
     121      -9.0548 -9.2031 21.8762 -27.0784 24.2118
     122       8.3876 -30.1639 39.0884 -33.3137 17.2294
     123       3.0759 -24.4838 34.7040 -33.1705 19.4398
     124      -3.4775 -14.2675 25.1600 -29.3761 20.6512
     125       4.3844 -27.0062 35.7024 -34.2440 19.8283
     126      -0.7291 -13.7034 21.8543 -22.3422 15.4987
     127       4.0145 -21.6669 28.4454 -27.3324 14.6911
     128     -21.8055 0.3654 18.5855 -31.9112 33.7387
     129     -10.9783 0.9842 8.8789 -15.6529 17.2053
     130       3.0487 -15.6633 20.5318 -18.8070 10.1663
     131      -2.5427 -12.6812 21.5167 -24.4188 16.7535
     132       3.8508 -20.5564 29.0236 -27.9381 15.4273
     133       6.6066 -19.0436 21.8553 -19.0864 8.6557
     134      13.6289 -25.6521 25.9967 -19.3164 4.4734
     135      10.1603 -20.5722 22.7111 -17.8682 5.2821
     136      -7.8474 -8.9381 19.7046 -24.3322 20.5090
     137      -5.5302 -0.7202 6.0111 -9.4317 9.7858
     138       7.3282 -23.5693 28.9570 -26.4623 12.6172
     139       4.9203 -26.0725 35.3827 -33.7606 17.5374
     140     -14.4237 -0.5266 13.1883 -21.2089 22.6424
     141      -6.0331 -16.5297 29.5691 -33.3231 26.2114
     142       7.7643 -24.1166 30.3883 -28.2919 12.6066
     143       0.4655 -20.9468 28.9438 -30.7779 19.9655
     144     -24.6085 7.5900 10.6074 -24.2370 32.1389
     145      -9.2772 -9.9799 23.6732 -30.5291 24.7648
     146      14.6345 -28.0936 30.1901 -23.0914 5.8817
     147      -5.0942 -17.1253 30.2178 -34.3102 25.1623
     148      -1.7624 -13.4351 21.9001 -22.6220 15.9354
     149      10.5241 -20.3300 20.3422 -16.9485 3.9989
     150      -7.8431 -9.4689 20.8863 -25.4619 21.3575
     151      -4.8744 -16.9422 31.2865 -33.8812 25.1140
     152       7.8440 -30.0767 37.6064 -34.3819 17.7352
     153       3.2735 -24.7977 33.5762 -34.5194 19.1460
     154      -3.8924 -15.0223 26.6004 -30.6640 21.0783
     155      -8.4809 -9.4267 23.0055 -26.9835 23.8194
     156      -3.0181 -16.6525 26.0150 -29.1429 21.5364
     157       5.7430 -19.9019 26.4261 -24.8074 12.0789
     158       4.6806 -20.9160 27.0689 -23.7815 12.2907
     159     -10.6437 -5.0738 17.3613 -22.6213 21.6667
     160      -4.0501 -13.6146 23.8981 -28.0576 21.0081
     161      -8.4490 -11.8469 25.1740 -30.8659 24.8257
     162      -2.8356 -6.1799 12.2039 -14.9645 11.1005
     163       9.5073 -24.8466 27.3030 -21.2211 8.5779
     164       2.6623 -17.5378 24.9048 -24.7152 13.7610
     165      -1.6909 -17.4720 27.6694 -29.0821 20.1427
     166      -8.7384 -13.3165 27.0871 -34.1079 29.0764
     167      -0.7752 -14.5622 21.9487 -23.7707 15.6919
     168      -1.1666 -10.6057 16.6410 -17.4775 11.4492
     169     -10.4592 -3.9979 15.5103 -23.2129 22.0633
     170      -1.7002 -10.2306 16.5087 -17.4016 12.6372
     171      -0.5153 -13.5020 20.2255 -21.7058 14.9509
     172     -14.2910 0.8483 11.4413 -20.0417 21.9827
     173      -3.0821 -8.7960 15.1075 -17.6831 13.6589
     174      -4.3191 -11.9989 22.0211 -25.4187 19.7600
     175       5.3880 -22.5189 30.0131 -27.2020 13.6082
     176      -0.4333 -16.3333 24.0297 -25.9765 17.1925
     177     -18.3142 3.8767 10.6015 -21.5636 24.5449
     178     -23.8779 7.8784 10.1927 -24.2291 30.6019
     179     -14.3749 -7.2331 23.1715 -32.6947 29.8718
     180      -8.3368 -8.7934 21.0928 -28.4784 23.5647
     181     -10.7183 -10.8565 26.0827 -35.1518 30.2677
     182      -0.2379 -20.4052 30.8526 -32.3502 21.4289
     183       3.9323 -19.2026 26.4510 -25.5784 13.3869
     184      -9.6629 -14.6013 31.7475 -38.5097 30.3350
     185     -11.8808 -11.5011 27.9210 -35.5508 31.1170
     186       4.0463 -21.2215 27.3636 -24.5669 13.2276
     187       4.3842 -20.5701 29.1538 -27.1440 14.6579
     188     -13.8770 -7.1339 22.3029 -31.6586 29.0876
     189      -8.8930 -8.5045 21.4167 -26.2645 22.4655
     190       1.1919 -26.5360 38.6575 -36.5820 24.8152
     191      -3.2342 -11.0383 20.2061 -23.7030 16.8332
     192     -12.7441 -14.3829 33.5880 -41.8406 33.7298
     193      -9.5530 -5.8590 17.4647 -22.5045 21.1593
     194     -18.7118 2.2523 13.0993 -23.8702 27.8639
     195      -0.6057 -18.7789 27.5902 -28.9802 18.9501
     196      13.4621 -31.4159 33.4813 -27.7352 9.7051
     197       0.3062 -16.7292 24.9794 -24.5538 15.2975
     198      -9.9274 -6.6106 18.1370 -23.4077 22.6087
     199      12.7039 -25.6889 27.6544 -22.3353 6.4448
     200      -1.5895 -23.3403 37.0314 -40.9075 27.0489
